10 10
10	14	14	14	14	12	14	12	14	6	3	9	13	7	11	6	1	266	15	517	11	14	14	7	1035	15	14	2055	11	6	11	13	15	15	7	11	15	7	11	7	11	12	5	3	11	7	3	11	7	3	3	2	10	13	13	15	5	9	517	3	521	2055	3	1034	14	13	12	6	10	5	10	5	3	11	15	4	10	5	11	6	11	14	525	7	1035	14	7	10	13	7	9	13	12	5	9	13	13	5	8	5	
10
6 3
6 1
6 0
1 9
8 4
2 4
5 8
8 2
2 7
1 7
10
7 2
9 2
6 5
4 0
1 0
3 2
7 5
0 8
2 1
9 6
6 1
6 1
6 8
0
1001
6 9
5 9
4 9
5 9
5 9
5 9
5 9
5 9
6 9
6 8
6 8
6 8
6 8
6 9
6 9
6 9
6 9
6 8
7 8
7 9
7 8
7 8
6 8
6 8
6 8
6 8
6 8
6 8
6 8
7 8
7 8
8 8
7 8
7 9
7 9
7 8
7 8
7 8
6 8
6 8
6 8
6 9
5 9
6 9
5 9
5 9
5 9
6 9
5 9
5 9
6 9
6 8
6 9
5 9
5 9
5 9
6 9
5 9
5 9
5 9
5 9
5 9
4 9
5 9
6 9
5 9
6 9
5 9
5 9
5 9
4 9
5 9
6 9
6 8
6 8
6 8
6 8
6 8
6 8
6 8
6 9
6 8
6 8
7 8
7 8
6 8
7 8
7 8
7 8
7 8
7 8
6 8
6 8
6 8
6 9
6 8
6 8
6 8
6 8
6 8
6 9
6 9
5 9
6 9
5 9
6 9
6 8
6 8
6 8
6 8
6 8
6 8
6 8
6 9
6 8
7 8
6 8
7 8
6 8
6 8
6 8
6 8
6 8
6 8
6 8
6 8
6 9
6 9
6 8
6 8
7 8
7 8
6 8
6 9
5 9
6 9
5 9
6 9
6 8
6 8
6 8
6 8
6 8
6 8
6 8
6 9
6 8
6 9
6 8
6 8
6 8
7 8
7 8
7 9
7 9
7 9
7 9
7 9
7 9
7 8
7 9
7 9
7 8
8 8
8 7
8 7
8 7
8 7
8 7
8 7
8 7
8 7
8 7
8 7
8 7
9 7
9 6
8 6
7 6
8 6
8 6
7 6
7 6
7 6
7 6
7 6
7 6
7 6
7 6
8 6
8 5
8 6
8 5
8 4
8 4
7 4
6 4
6 5
6 4
6 3
6 3
7 3
7 4
7 3
6 3
6 3
7 3
7 3
6 3
6 3
6 3
6 3
7 3
8 3
9 3
8 3
7 3
6 3
7 3
7 4
6 4
6 3
7 3
7 3
8 3
8 2
7 2
6 2
6 2
6 2
5 2
5 2
5 3
5 3
5 2
6 2
6 2
6 2
6 2
7 2
6 2
5 2
5 2
6 2
5 2
6 2
7 2
7 2
6 2
6 2
5 2
5 2
6 2
7 2
6 2
6 2
6 2
6 2
7 2
6 2
6 2
5 2
6 2
6 2
5 2
5 2
6 2
5 2
5 2
5 2
5 2
6 2
5 2
6 2
5 2
5 2
5 2
5 2
5 2
6 2
6 2
6 2
6 2
7 2
6 2
6 2
5 2
5 2
5 2
5 2
6 2
6 2
6 2
6 2
7 2
7 2
7 2
6 2
6 2
6 2
7 2
6 2
5 2
5 2
5 2
6 2
6 2
7 2
6 2
6 2
5 2
5 2
5 2
6 2
6 2
6 2
5 2
6 2
6 2
6 2
5 2
5 2
6 2
6 2
6 2
7 2
6 2
6 2
6 2
6 2
5 2
6 2
6 2
7 2
6 2
6 2
6 2
6 2
6 2
6 2
5 2
5 2
5 3
5 3
5 4
5 5
6 5
6 4
6 4
6 4
6 3
6 3
6 3
6 3
6 3
6 3
6 3
7 3
7 3
7 3
6 3
7 3
7 3
7 3
6 3
6 3
6 3
7 3
6 3
6 3
7 3
6 3
6 4
6 3
6 3
6 3
7 3
6 3
7 3
7 3
7 3
6 3
6 3
6 3
6 3
6 3
6 3
6 3
7 3
7 3
6 3
6 3
6 3
6 3
6 4
6 3
6 3
6 3
6 3
6 3
6 3
6 3
6 4
6 5
5 5
5 4
5 3
5 4
5 3
5 3
5 2
5 2
5 2
6 2
6 2
6 2
6 2
6 2
6 2
7 2
7 2
6 2
6 2
6 2
6 2
6 2
5 2
5 2
6 2
6 2
5 2
5 3
5 2
5 2
5 3
5 3
5 3
5 3
5 2
5 3
5 2
5 2
6 2
6 2
5 2
6 2
5 2
5 3
5 3
5 3
4 3
3 3
3 4
3 3
3 4
4 4
5 4
5 3
4 3
4 3
4 3
4 3
5 3
5 2
5 3
5 2
6 2
7 2
6 2
6 2
6 2
6 2
6 2
6 2
5 2
6 2
6 2
6 2
6 2
6 2
6 2
6 2
7 2
6 2
6 2
6 2
5 2
6 2
6 2
6 2
6 2
6 2
7 2
7 2
7 2
7 2
7 2
6 2
6 2
6 2
5 2
6 2
6 2
5 2
5 3
5 2
5 2
6 2
5 2
5 2
6 2
7 2
7 2
7 2
6 2
6 2
5 2
6 2
5 2
5 2
6 2
5 2
6 2
7 2
8 2
8 1
8 0
7 0
7 0
7 0
7 0
7 1
7 1
7 1
7 1
7 1
7 0
7 0
7 0
7 0
8 0
9 0
9 1
8 1
9 1
9 0
9 0
8 0
8 0
8 0
8 1
8 1
8 1
8 1
8 0
9 0
9 0
8 0
7 0
7 1
7 1
7 1
7 0
7 0
7 0
7 0
7 0
7 1
7 0
7 1
7 1
6 1
6 1
6 1
5 1
6 1
6 1
6 1
6 1
6 1
6 1
6 1
6 0
6 1
6 1
6 1
6 1
7 1
6 1
6 0
5 0
5 0
6 0
6 1
6 1
6 1
6 1
5 1
5 1
5 1
6 1
6 1
5 1
5 1
5 1
5 1
5 1
6 1
5 1
6 1
6 1
5 1
6 1
6 1
7 1
7 0
7 1
7 0
7 1
7 1
6 1
5 1
6 1
7 1
6 1
5 1
6 1
6 1
5 1
6 1
6 0
6 1
6 1
6 1
6 1
6 1
6 1
6 1
5 1
6 1
6 1
6 1
6 1
5 1
5 1
5 1
6 1
7 1
7 0
7 1
7 1
7 1
6 1
5 1
6 1
6 1
7 1
7 1
6 1
6 1
6 1
6 1
6 1
6 1
7 1
7 1
7 1
7 1
7 1
7 1
7 0
7 1
7 0
7 1
7 0
8 0
7 0
8 0
9 0
8 0
7 0
7 0
7 0
7 1
6 1
5 1
5 1
5 1
5 1
5 1
6 1
6 1
6 0
6 1
6 1
6 1
6 1
6 0
6 1
5 1
5 1
6 1
7 1
7 1
6 1
6 1
6 1
5 1
5 1
6 1
5 1
6 1
6 1
6 1
6 1
6 1
6 0
6 1
6 1
6 1
6 1
6 1
7 1
7 0
7 1
6 1
6 1
6 1
6 1
6 1
7 1
6 1
6 1
6 1
6 1
6 0
6 1
5 1
5 1
5 1
5 1
6 1
7 1
6 1
5 1
6 1
6 1
5 1
5 1
5 1
5 1
5 1
5 1
5 1
5 1
5 1
5 1
5 1
6 1
7 1
6 1
6 1
5 1
5 1
5 1
6 1
6 0
6 1
7 1
7 1
6 1
6 1
6 1
6 1
5 1
5 1
5 1
6 1
6 1
6 1
6 0
6 1
7 1
7 1
6 1
6 1
5 1
5 1
5 1
5 1
6 1
5 1
5 1
6 1
6 1
6 1
5 1
5 1
5 1
5 1
5 1
6 1
6 1
6 1
5 1
5 1
6 1
6 1
6 1
6 1
6 1
5 1
6 1
6 1
7 1
7 1
6 1
6 1
6 1
7 1
7 1
6 1
5 1
5 1
5 1
6 1
5 1
6 1
6 1
7 1
7 0
7 1
6 1
6 1
5 1
6 1
6 1
6 1
7 1
7 1
7 1
6 1
6 0
6 0
6 1
6 0
5 0
5 0
5 0
5 0
5 0
6 0
6 1
6 0
6 1
5 1
5 1
5 1
5 1
5 1
5 1
6 1
5 1
6 1
5 1
5 1
6 1
6 1
6 1
6 1
7 1
7 1
7 1
6 1
6 0
6 0
6 1
6 1
7 1
6 1
6 1
6 1
6 0
6 0
6 1
6 1
6 1
6 1
6 1
6 0
6 1
6 0
6 0
5 0
6 0
6 1
6 1
6 0
6 0
5 0
6 0
6 0
6 1
6 0
5 0
6 0
6 1
6 1
7 1
7 1
7 1
6 1
5 1
5 1
5 1
5 1
5 1
6 1
6 1
6 1
6 0
6 1
6 1
6 1
6 1
7 1
7 1
7 1
7 1
6 1
5 1
5 1
5 1
6 1
6 1
6 1
6 1
5 1
5 1
6 1
6 1
6 1
6 1
6 1
7 1
7 1
7 1
6 1
7 1
6 1
6 1
5 1
6 1
6 1
6 1
7 1
6 1
7 1
7 0
7 0
7 0
7 0
7 0
7 1
7 1
7 1
6 1
6 1
6 1
6 1
7 1
7 1
7 1
6 1
6 1
5 1
6 1
5 1
5 1
5 1
6 1
6 1
6 1
6 1
6 1
6 1
6 1
6 1
7 1
7 1
7 1
7 0
7 0
7 1
6 1
6 1
6 1
6 1
6 1
6 1
6 1
11
7 5
1 0
0 8
4 0
9 2
2 1
7 2
3 2
6 5
9 6
0 0
1001
0 0
1 0
2 0
3 0
4 0
5 0
6 0
6 1
6 0
6 1
5 1
6 1
5 1
6 1
5 1
6 1
5 1
6 1
5 1
6 1
6 0
5 0
6 0
6 1
5 1
6 1
5 1
6 1
5 1
6 1
6 0
5 0
6 0
5 0
6 0
5 0
6 0
5 0
6 0
6 1
5 1
6 1
5 1
6 1
5 1
6 1
6 0
6 1
5 1
6 1
6 0
6 1
5 1
6 1
6 0
6 1
6 0
6 1
6 0
6 1
6 0
6 1
6 0
6 1
6 0
6 1
6 0
6 1
6 0
6 1
6 0
6 1
6 0
6 1
5 1
6 1
5 1
6 1
5 1
6 1
5 1
6 1
5 1
6 1
6 0
5 0
6 0
5 0
6 0
5 0
6 0
5 0
6 0
6 1
5 1
6 1
5 1
6 1
5 1
6 1
5 1
6 1
5 1
6 1
5 1
6 1
5 1
6 1
5 1
6 1
5 1
6 1
5 1
6 1
5 1
6 1
6 0
6 1
6 0
6 1
5 1
6 1
5 1
6 1
5 1
6 1
5 1
6 1
5 1
6 1
5 1
6 1
6 0
6 1
5 1
6 1
5 1
6 1
5 1
6 1
5 1
6 1
5 1
6 1
5 1
6 1
5 1
6 1
5 1
6 1
5 1
6 1
6 0
5 0
6 0
5 0
6 0
5 0
6 0
5 0
6 0
5 0
6 0
5 0
6 0
5 0
6 0
5 0
6 0
5 0
6 0
5 0
6 0
5 0
6 0
5 0
6 0
5 0
6 0
5 0
6 0
5 0
6 0
5 0
6 0
5 0
6 0
5 0
6 0
5 0
6 0
5 0
6 0
5 0
6 0
5 0
6 0
6 1
5 1
6 1
5 1
6 1
6 0
5 0
6 0
6 1
5 1
6 1
6 0
6 1
5 1
6 1
5 1
6 1
6 0
5 0
6 0
5 0
6 0
5 0
6 0
6 1
5 1
6 1
6 0
5 0
6 0
5 0
6 0
6 1
5 1
6 1
6 0
6 1
6 0
6 1
5 1
6 1
5 1
6 1
6 0
6 1
6 0
6 1
5 1
6 1
5 1
6 1
6 0
6 1
5 1
6 1
6 0
6 1
6 0
6 1
5 1
6 1
5 1
6 1
5 1
6 1
6 0
6 1
5 1
6 1
6 0
6 1
6 0
6 1
6 0
6 1
5 1
6 1
5 1
6 1
6 0
6 1
6 0
6 1
5 1
6 1
5 1
6 1
6 0
6 1
5 1
6 1
6 0
6 1
6 0
6 1
5 1
6 1
5 1
6 1
6 0
5 0
6 0
6 1
5 1
6 1
5 1
6 1
6 0
6 1
5 1
6 1
6 0
6 1
5 1
6 1
6 0
6 1
5 1
6 1
5 1
6 1
5 1
6 1
5 1
6 1
6 0
6 1
5 1
6 1
6 0
6 1
5 1
6 1
5 1
6 1
5 1
6 1
6 0
6 1
5 1
6 1
5 1
6 1
5 1
6 1
6 0
6 1
6 0
6 1
6 0
6 1
5 1
6 1
5 1
6 1
5 1
6 1
5 1
6 1
5 1
6 1
6 0
5 0
6 0
6 1
6 0
5 0
6 0
6 1
5 1
6 1
6 0
6 1
5 1
6 1
5 1
6 1
5 1
6 1
5 1
6 1
5 1
6 1
6 0
5 0
6 0
6 1
5 1
6 1
5 1
6 1
5 1
6 1
6 0
6 1
5 1
6 1
5 1
6 1
5 1
6 1
5 1
6 1
5 1
6 1
5 1
6 1
5 1
6 1
6 0
6 1
6 0
6 1
6 0
6 1
6 0
6 1
5 1
6 1
5 1
6 1
5 1
6 1
6 0
5 0
6 0
6 1
5 1
6 1
5 1
6 1
6 0
6 1
5 1
6 1
6 0
6 1
6 0
6 1
6 0
6 1
6 0
6 1
6 0
6 1
6 0
6 1
5 1
6 1
5 1
6 1
6 0
6 1
6 0
6 1
6 0
6 1
6 0
6 1
6 0
6 1
6 0
6 1
6 0
6 1
6 0
6 1
6 0
6 1
6 0
6 1
6 0
6 1
5 1
6 1
5 1
6 1
5 1
6 1
5 1
6 1
5 1
6 1
5 1
6 1
5 1
6 1
5 1
6 1
5 1
6 1
5 1
6 1
5 1
6 1
5 1
6 1
6 0
5 0
6 0
5 0
6 0
6 1
5 1
6 1
5 1
6 1
6 0
6 1
6 0
6 1
5 1
6 1
6 0
6 1
6 0
5 0
6 0
6 1
5 1
6 1
5 1
6 1
6 0
6 1
6 0
6 1
6 0
5 0
6 0
5 0
4 0
3 0
2 0
1 0
2 0
3 0
4 0
5 0
6 0
5 0
4 0
3 0
2 0
1 0
0 0
1 0
2 0
3 0
2 0
1 0
0 0
0 1
0 2
0 3
0 4
0 5
0 6
0 7
0 8
1 8
2 8
2 9
3 9
4 9
5 9
6 9
6 8
6 9
6 8
6 9
6 8
6 9
6 8
6 9
6 8
6 9
6 8
6 9
6 8
6 9
6 8
6 9
6 8
6 9
6 8
6 9
6 8
6 9
6 8
6 9
6 8
6 9
6 8
6 9
6 8
6 9
6 8
6 9
6 8
6 9
6 8
6 9
6 8
6 9
6 8
6 9
6 8
6 9
6 8
6 9
6 8
6 9
6 8
6 9
6 8
6 9
6 8
6 9
6 8
6 9
6 8
6 9
6 8
6 9
6 8
6 9
6 8
6 9
6 8
6 9
6 8
6 9
6 8
6 9
6 8
6 9
6 8
6 9
6 8
6 9
6 8
6 9
6 8
6 9
6 8
6 9
6 8
6 9
6 8
6 9
6 8
6 9
6 8
6 9
6 8
6 9
6 8
6 9
6 8
6 9
6 8
6 9
6 8
6 9
6 8
6 9
6 8
6 9
6 8
6 9
6 8
6 9
6 8
6 9
6 8
6 9
6 8
6 9
6 8
6 9
6 8
6 9
6 8
6 9
6 8
6 9
6 8
6 9
6 8
6 9
6 8
6 9
6 8
6 9
6 8
6 9
6 8
6 9
6 8
6 9
6 8
6 9
6 8
6 9
6 8
6 9
6 8
6 9
6 8
6 9
6 8
6 9
6 8
6 9
6 8
6 9
6 8
6 9
6 8
6 9
6 8
6 9
6 8
6 9
6 8
6 9
6 8
6 9
6 8
6 9
6 8
6 9
6 8
6 9
6 8
6 9
6 8
6 9
6 8
6 9
6 8
6 9
6 8
6 9
6 8
6 9
6 8
6 9
6 8
6 9
6 8
6 9
6 8
6 9
6 8
6 9
6 8
6 9
6 8
6 9
6 8
6 9
6 8
6 9
6 8
6 9
6 8
6 9
6 8
6 9
6 8
6 9
6 8
6 9
6 8
6 9
6 8
6 9
6 8
6 9
6 8
6 9
6 8
6 9
6 8
6 9
6 8
6 9
6 8
6 9
6 8
6 9
6 8
6 9
6 8
6 9
6 8
6 9
6 8
6 9
6 8
6 9
6 8
6 9
6 8
6 9
6 8
6 9
6 8
6 9
6 8
6 9
6 8
6 9
6 8
6 9
6 8
6 9
6 8
6 9
6 8
6 9
6 8
6 9
6 8
6 9
6 8
6 9
6 8
6 9
6 8
6 9
6 8
6 9
6 8
6 9
6 8
6 9
6 8
6 9
6 8
6 9
6 8
6 9
6 8
6 9
6 8
6 9
6 8
6 9
6 8
6 9
6 8
6 9
6 8
6 9
6 8
6 9
6 8
6 9
6 8
6 9
6 8
6 9
6 8
6 9
6 8
6 9
6 8
6 9
6 8
6 9
6 8
6 9
6 8
6 9
6 8
6 9
6 8
6 9
6 8
6 9
6 8
6 9
6 8
6 9
6 8
6 9
6 8
6 9
6 8
6 9
6 8
6 9
6 8
6 9
6 8
6 9
6 8
6 9
6 8
6 9
6 8
6 9
6 8
6 9
6 8
6 9
6 8
6 9
6 8
6 9
6 8
6 9
6 8
6 9
6 8
6 9
6 8
6 9
6 8
6 9
6 8
6 9
6 8
6 9
6 8
6 9
6 8
6 9
6 8
6 9
6 8
6 9
6 8
6 9
6 8
6 9
6 8
6 9
6 8
6 9
6 8
6 9
6 8
6 9
6 8
6 9
6 8
6 9
6 8
6 9
6 8
6 9
6 8
6 9
6 8
6 9
6 8
6 9
6 8
6 9
6 8
6 9
6 8
6 9
6 8
6 9
6 8
6 9
6 8
6 9
6 8
6 9
6 8
6 9
6 8
6 9
6 8
6 9
6 8
6 9
6 8
6 9
6 8
6 9
6 8
6 9
6 8
6 9
6 8
6 9
6 8
6 9
6 8
6 9
6 8
6 9
6 8
6 9
6 8
6 9
6 8
0 1 0 1 2 2 2 1 0 1 0 1 2 1 2 1 4 1 4 1 2 2 2 2 4 1 4 4 4 2 4 4 0 1 0 1 2 1 2 1 0 1 0 1 2 1 2 1 4 1 4 4 2 2 2 4 4 4 4 4 2 2 4 2 3 1 3 3 2 2 3 1 3 1 3 1 2 3 2 3 4 4 3 1 2 1 2 4 3 3 4 3 3 3 3 1 3 1 3 3 3 1 2 2 3 3 3 1 2 1 3 1 4 3 3 4 2 3 3 2 3 1 4 1 3 2 4 2 0 1 0 1 2 2 2 2 0 1 0 1 2 1 2 2 4 1 4 4 2 2 2 1 4 1 4 1 2 2 2 4 0 1 0 1 2 2 2 2 0 1 0 1 2 2 2 2 4 1 4 4 4 1 4 2 4 1 4 4 2 1 4 4 3 1 3 1 3 3 2 1 3 1 3 3 2 1 2 1 4 3 3 1 4 1 4 2 4 1 3 1 2 1 3 3 3 1 3 3 2 2 2 2 3 3 3 3 3 1 2 1 3 4 4 4 3 2 4 2 4 1 3 3 4 1 2 1 0 1 0 1 2 1 2 2 0 1 0 1 2 2 2 2 4 1 4 1 2 4 4 4 4 4 4 1 4 4 4 2 0 1 0 1 2 1 2 1 0 1 0 1 2 1 2 1 4 4 4 4 4 4 4 1 4 1 4 4 4 2 2 1 3 1 3 3 3 1 2 1 3 1 3 1 2 1 2 1 4 1 3 3 3 2 3 4 4 3 3 3 3 2 4 4 3 1 3 1 2 3 3 1 3 1 3 1 2 1 3 3 4 4 3 4 2 3 3 3 4 4 3 1 3 4 3 1 0 1 0 1 2 1 2 1 0 1 0 1 2 1 2 1 4 1 4 4 2 2 4 4 4 1 4 4 4 4 2 4 0 1 0 1 2 2 2 2 0 1 0 1 2 2 2 1 4 1 4 4 4 1 2 2 4 4 4 4 2 4 2 1 3 3 3 1 2 1 2 2 3 1 3 3 3 2 2 1 4 3 4 1 4 1 2 3 3 1 3 4 3 1 3 1 3 3 3 1 2 3 2 2 3 3 3 3 2 3 2 2 4 3 4 4 2 1 4 1 3 4 3 4 3 2 3 1 0 1 0 1 2 2 2 2 0 1 0 1 2 1 2 1 4 1 4 1 2 4 2 2 4 4 4 1 2 4 4 4 0 1 0 1 2 2 2 2 0 1 0 1 2 1 2 2 4 1 4 1 2 1 4 1 4 1 4 4 2 4 4 2 3 1 3 1 2 2 2 3 3 3 3 1 3 2 3 2 3 1 3 1 2 4 4 3 4 4 4 1 3 2 3 1 3 1 3 1 3 1 2 1 3 1 3 3 3 2 3 1 4 4 4 1 2 3 3 1 4 4 4 3 3 3 3 2 0 1 0 1 2 1 2 1 0 1 0 1 2 2 2 2 4 1 4 4 4 2 2 1 4 1 4 1 4 4 2 4 0 1 0 1 2 2 2 2 0 1 0 1 2 1 2 1 4 1 4 1 4 2 2 2 4 1 4 1 2 1 4 2 3 1 3 1 2 3 3 3 3 1 3 3 2 2 2 1 3 3 4 4 4 1 2 1 4 3 3 3 4 3 3 2 3 3 3 1 3 2 3 1 3 1 3 1 2 1 2 3 4 1 3 1 2 2 3 2 4 3 3 1 4 2 4 2 0 1 0 1 2 2 2 2 0 1 0 1 2 2 2 1 4 1 4 4 4 2 4 4 4 1 4 1 4 4 4 2 0 1 0 1 2 1 2 1 0 1 0 1 2 1 2 1 4 1 4 4 2 1 4 1 4 4 4 4 4 4 2 4 3 3 3 3 2 2 2 2 3 3 3 3 2 3 3 3 3 4 3 3 4 2 3 1 4 3 4 1 2 1 3 1 3 3 3 1 3 3 3 3 3 3 3 3 3 3 2 2 3 4 4 4 4 1 4 2 3 4 4 3 3 1 3 4 0 1 0 1 2 1 2 2 0 1 0 1 2 1 2 2 4 1 4 4 4 4 4 1 4 4 4 4 2 1 2 2 0 1 0 1 2 1 2 2 0 1 0 1 2 1 2 2 4 4 4 4 4 1 2 4 4 4 4 1 2 1 4 1 3 3 3 1 3 1 2 1 3 1 3 3 3 2 3 3 4 4 3 3 2 3 3 3 4 3 3 1 4 4 4 1 3 3 3 1 3 2 2 2 3 3 3 1 3 1 2 3 3 3 3 4 4 3 4 3 4 3 3 4 4 4 2 2 0 1 0 1 2 1 2 2 0 1 0 1 2 2 2 2 4 4 4 4 2 1 4 1 4 4 4 4 2 2 2 1 0 1 0 1 2 2 2 1 0 1 0 1 2 1 2 1 4 1 4 4 4 1 2 2 4 1 4 4 4 1 2 2 3 3 3 3 2 1 3 3 3 1 3 1 3 2 3 1 4 1 3 1 2 1 2 1 3 1 3 3 2 1 2 4 3 3 3 1 2 1 2 2 3 1 3 1 3 2 3 1 3 4 3 1 2 3 3 3 3 1 3 1 4 1 2 4 0 1 0 1 2 1 2 2 0 1 0 1 2 1 2 1 4 1 4 4 2 2 2 4 4 4 4 4 2 1 2 1 0 1 0 1 2 2 2 1 0 1 0 1 2 1 2 1 4 1 4 4 4 4 2 1 4 4 4 4 2 2 2 2 3 1 3 3 3 2 3 1 3 3 3 1 3 2 3 2 4 4 3 4 2 4 2 3 3 4 3 4 3 2 4 4 3 3 3 1 3 3 3 3 3 1 3 1 3 1 2 2 3 3 4 4 2 1 3 4 3 1 4 3 3 1 2 1 0 1 0 1 2 1 2 2 0 1 0 1 2 2 2 2 4 1 4 4 2 4 2 4 4 1 4 4 2 4 2 4 0 1 0 1 2 1 2 1 0 1 0 1 2 1 2 1 4 1 4 1 4 1 2 2 4 4 4 4 2 2 4 4 3 1 3 3 3 2 2 1 3 1 3 1 2 2 3 2 3 4 3 1 4 4 3 2 4 1 4 1 2 1 4 3 3 1 3 3 2 1 3 2 3 1 3 1 3 1 3 3 3 3 4 1 4 1 2 4 3 3 4 3 2 1 3 1 0 1 0 1 2 2 2 2 0 1 0 1 2 2 2 2 4 4 4 1 2 4 2 1 4 4 4 1 4 1 2 4 0 1 0 1 2 1 2 1 0 1 0 1 2 2 2 2 4 4 4 4 2 1 4 2 4 1 4 1 2 2 2 4 3 1 3 3 2 3 2 1 3 3 3 1 2 3 3 1 4 4 3 3 3 1 3 3 3 3 3 1 3 4 3 2 3 1 3 1 3 1 2 1 3 3 3 1 3 3 2 2 3 3 4 3 2 2 4 2 3 3 3 1 4 1 4 1 0 1 0 1 2 1 2 2 0 1 0 1 2 1 2 2 4 4 4 1 2 4 2 4 4 1 4 4 2 4 2 1 0 1 0 1 2 2 2 2 0 1 0 1 2 2 2 1 4 4 4 1 4 4 4 2 4 4 4 1 4 4 4 4 3 3 3 1 2 2 2 3 3 3 3 3 2 1 2 2 3 4 4 1 2 4 4 2 3 3 3 4 2 2 3 2 3 1 3 3 3 3 3 3 3 1 3 3 2 2 3 2 4 3 4 1 3 2 3 3 4 4 4 4 2 1 3 1 0 1 0 1 2 1 2 1 0 1 0 1 2 2 2 2 4 4 4 1 4 4 2 2 4 1 4 1 4 1 4 4 0 1 0 1 2 1 2 1 0 1 0 1 2 1 2 1 4 1 4 1 2 2 4 1 4 1 4 4 4 2 2 2 3 3 3 1 3 3 2 1 3 3 3 1 3 3 2 3 4 4 4 4 3 2 2 3 4 4 4 1 2 2 2 1 3 1 3 3 2 1 2 2 3 3 3 1 2 3 2 3 3 1 3 1 2 2 2 4 3 4 3 1 3 1 2 1 0 1 0 1 2 2 2 2 0 1 0 1 2 2 2 1 4 1 4 4 4 1 4 1 4 4 4 4 2 2 4 2 0 1 0 1 2 2 2 1 0 1 0 1 2 2 2 1 4 1 4 1 2 4 2 1 4 4 4 4 4 4 2 2 3 3 3 1 3 2 3 2 3 1 3 1 2 1 2 3 3 3 3 1 4 3 3 2 4 3 3 4 3 1 4 4 3 3 3 1 2 3 3 1 3 3 3 3 2 3 2 2 4 4 4 4 2 4 3 3 3 1 3 3 2 2 4 2 0 1 0 1 2 2 2 1 0 1 0 1 2 1 2 1 4 1 4 4 2 4 2 2 4 4 4 1 2 2 2 1 0 1 0 1 2 2 2 2 0 1 0 1 2 1 2 1 4 4 4 4 2 2 2 2 4 4 4 4 2 1 4 4 3 1 3 3 3 2 3 2 3 1 3 3 3 2 3 1 3 1 4 4 3 1 2 4 4 4 3 1 2 1 3 3 3 1 3 1 3 2 3 2 3 3 3 3 3 2 3 3 4 1 3 3 2 4 3 4 4 3 4 4 2 3 2 2 0 1 0 1 2 1 2 2 0 1 0 1 2 1 2 2 4 4 4 4 2 1 4 2 4 1 4 4 4 1 2 2 0 1 0 1 2 1 2 2 0 1 0 1 2 2 2 2 4 1 4 1 2 4 2 1 4 4 4 4 4 1 2 2 3 1 3 1 3 2 2 2 3 3 3 1 2 3 3 2 3 3 4 4 3 2 4 2 3 4 3 4 3 3 2 2 3 1 3 3 3 1 2 1 3 3 3 3 3 3 2 3 4 1 4 1 2 2 2 3 3 3 4 4 2 2 2 2 0 1 0 1 2 2 2 1 0 1 0 1 2 2 2 1 4 4 4 4 4 4 4 2 4 4 4 1 4 4 2 2 0 1 0 1 2 2 2 1 0 1 0 1 2 1 2 2 4 1 4 1 2 1 4 2 4 4 4 1 4 4 4 2 3 3 3 1 2 1 2 1 3 3 3 3 3 2 2 2 3 4 4 3 2 1 2 3 3 4 4 1 4 1 3 3 3 3 3 3 3 1 2 2 3 1 3 1 2 3 2 3 4 1 4 1 3 3 2 1 3 1 4 4 2 3 2 3 0 1 0 1 2 2 2 1 0 1 0 1 2 1 2 1 4 1 4 4 4 1 4 1 4 4 4 1 2 4 2 4 0 1 0 1 2 1 2 2 0 1 0 1 2 2 2 2 4 1 4 4 2 2 2 4 4 4 4 1 4 1 4 1 3 1 3 1 2 1 3 2 3 1 3 1 3 2 2 3 4 1 3 4 2 1 2 4 4 3 3 3 2 3 3 4 3 1 3 3 3 1 3 1 3 1 3 3 2 1 3 1 4 3 4 4 4 3 3 4 4 3 3 1 4 4 4 3 0 1 0 1 2 1 2 2 0 1 0 1 2 2 2 1 4 4 4 1 2 1 4 2 4 1 4 4 2 1 4 1 0 1 0 1 2 1 2 2 0 1 0 1 2 2 2 1 4 1 4 4 4 4 2 1 4 4 4 4 4 4 4 4 3 1 3 3 2 2 3 2 3 1 3 1 3 2 3 2 3 3 3 4 4 2 2 1 3 1 4 4 3 3 3 3 3 1 3 1 2 2 2 1 3 3 3 1 2 2 2 2 3 3 3 1 3 3 4 3 3 1 4 4 4 3 3 1 0 1 0 1 2 2 2 1 0 1 0 1 2 1 2 1 4 4 4 1 4 2 2 1 4 4 4 1 2 4 2 4 0 1 0 1 2 2 2 1 0 1 0 1 2 1 2 1 4 4 4 1 2 2 4 1 4 1 4 4 2 2 4 4 3 1 3 1 3 3 2 3 3 3 3 3 3 3 3 2 4 1 4 3 4 2 2 2 3 3 3 3 3 1 2 4 3 1 3 3 2 1 2 1 3 3 3 1 3 3 2 1 4 1 3 1 2 3 2 2 4 4 4 1 3 1 3 4 0 1 0 1 2 2 2 1 0 1 0 1 2 2 2 2 4 1 4 4 2 1 2 1 4 4 4 4 2 1 2 1 0 1 0 1 2 2 2 1 0 1 0 1 2 2 2 1 4 4 4 4 2 1 4 2 4 1 4 1 4 4 4 2 3 1 3 3 3 2 2 3 3 1 3 3 2 2 2 3 3 1 3 1 3 1 3 2 4 3 4 4 4 1 4 3 3 3 3 1 3 1 3 1 3 3 3 3 2 1 3 1 3 3 4 4 3 4 4 3 4 3 3 1 4 2 3 1 0 1 0 1 2 2 2 1 0 1 0 1 2 2 2 1 4 1 4 1 4 1 4 1 4 4 4 4 2 1 4 4 0 1 0 1 2 1 2 1 0 1 0 1 2 2 2 1 4 1 4 1 4 4 4 2 4 1 4 4 2 1 2 2 3 1 3 3 2 1 3 1 3 3 3 3 3 1 2 1 4 1 3 4 4 2 3 4 3 1 4 3 3 2 3 2 3 1 3 1 2 1 3 3 3 3 3 3 2 3 2 3 4 1 4 3 3 4 4 3 4 1 4 4 3 4 4 4 0 1 0 1 2 2 2 2 0 1 0 1 2 2 2 2 4 1 4 1 2 1 2 2 4 1 4 1 2 4 4 4 0 1 0 1 2 1 2 1 0 1 0 1 2 1 2 2 4 4 4 1 4 1 4 4 4 4 4 1 4 2 2 1 3 1 3 3 2 1 2 2 3 3 3 1 2 2 2 2 3 4 3 3 4 3 4 2 4 1 4 3 3 1 3 4 3 1 3 3 2 3 3 1 3 3 3 3 2 1 3 3 4 4 4 3 2 2 4 2 4 4 3 1 2 4 3 3 0 1 0 1 2 1 2 2 0 1 0 1 2 2 2 2 4 4 4 4 2 1 2 1 4 1 4 1 2 4 2 1 0 1 0 1 2 2 2 1 0 1 0 1 2 2 2 2 4 4 4 1 2 4 2 2 4 1 4 1 4 1 4 1 3 1 3 1 3 3 2 2 3 1 3 3 3 1 2 2 4 1 3 1 4 1 2 2 3 3 4 1 2 1 2 1 3 1 3 3 2 1 2 1 3 3 3 1 2 1 3 2 3 3 3 4 4 3 2 1 4 3 4 1 3 1 4 4 0 1 0 1 2 2 2 1 0 1 0 1 2 2 2 2 4 4 4 4 4 1 4 4 4 1 4 4 2 4 4 2 0 1 0 1 2 1 2 2 0 1 0 1 2 2 2 1 4 4 4 4 4 1 4 4 4 4 4 1 4 2 2 1 3 1 3 1 3 2 2 3 3 1 3 1 2 1 2 2 3 1 4 1 4 4 3 4 3 3 4 1 4 3 2 3 3 1 3 1 3 2 3 1 3 1 3 1 3 3 2 2 4 3 3 4 3 1 4 4 3 1 4 3 3 4 3 3 0 1 0 1 2 1 2 2 0 1 0 1 2 1 2 1 4 1 4 4 2 1 4 2 4 4 4 4 4 2 2 1 0 1 0 1 2 2 2 1 0 1 0 1 2 2 2 1 4 4 4 4 2 1 2 2 4 1 4 1 4 4 2 4 3 1 3 1 2 3 3 3 3 3 3 1 3 2 2 1 4 3 4 4 2 1 3 4 3 1 4 3 4 2 2 3 3 3 3 1 3 1 3 2 3 3 3 1 2 3 2 3 4 1 4 1 2 3 3 1 4 3 3 1 4 2 3 1 0 1 0 1 2 2 2 1 0 1 0 1 2 1 2 1 4 1 4 1 2 2 4 4 4 1 4 1 2 4 4 1 0 1 0 1 2 2 2 2 0 1 0 1 2 2 2 1 4 1 4 4 4 2 2 1 4 1 4 1 2 1 4 2 3 3 3 1 3 3 2 3 3 1 3 1 3 1 3 1 4 1 3 1 2 3 4 3 3 3 4 3 2 3 2 4 3 3 3 3 2 2 2 1 3 3 3 3 2 2 3 2 4 3 3 1 2 3 3 4 3 3 4 3 4 4 3 2 0 1 0 1 2 1 2 1 0 1 0 1 2 1 2 1 4 1 4 1 4 4 4 4 4 4 4 4 2 4 4 1 0 1 0 1 2 2 2 2 0 1 0 1 2 1 2 1 4 1 4 4 4 2 4 1 4 1 4 1 4 4 4 1 3 3 3 3 3 3 2 3 3 3 3 3 3 1 2 3 3 4 4 1 2 4 3 2 4 3 3 3 2 1 2 2 3 3 3 1 3 2 2 2 3 1 3 3 2 1 3 2 4 3 3 4 3 2 3 3 4 4 3 1 2 4 3 2 0 1 0 1 2 1 2 1 0 1 0 1 2 2 2 2 4 1 4 1 2 4 2 2 4 4 4 4 4 2 4 2 0 1 0 1 2 1 2 2 0 1 0 1 2 2 2 1 4 1 4 1 4 4 4 2 4 4 4 4 4 2 4 4 3 1 3 1 3 1 2 3 3 1 3 3 3 3 2 1 4 4 4 3 4 3 2 3 3 1 3 3 2 4 2 2 3 3 3 1 2 1 2 1 3 3 3 3 3 2 2 2 3 4 4 4 3 2 4 4 4 4 3 4 3 2 4 4 0 1 0 1 2 1 2 1 0 1 0 1 2 2 2 1 4 4 4 4 2 1 4 2 4 1 4 4 2 4 4 1 0 1 0 1 2 1 2 2 0 1 0 1 2 2 2 1 4 4 4 4 2 1 4 1 4 1 4 1 2 2 4 1 3 1 3 1 3 1 3 1 3 1 3 1 2 2 3 3 3 4 3 3 3 2 4 3 4 1 3 3 2 2 3 4 3 3 3 3 2 1 3 1 3 1 3 1 3 2 3 1 4 1 4 4 2 1 4 3 3 4 3 1 2 4 2 2 0 1 0 1 2 1 2 2 0 1 0 1 2 2 2 1 4 4 4 1 4 1 2 2 4 1 4 1 4 2 4 2 0 1 0 1 2 1 2 1 0 1 0 1 2 1 2 2 4 4 4 4 2 1 4 1 4 1 4 4 4 2 4 4 3 1 3 1 2 3 3 1 3 1 3 1 2 3 3 2 3 3 4 1 4 4 2 1 4 4 3 3 2 3 3 2 3 3 3 1 3 3 2 1 3 3 3 3 3 3 3 1 4 1 3 1 3 1 2 1 3 3 4 4 4 3 2 4 0 1 0 1 2 2 2 1 0 1 0 1 2 2 2 1 4 4 4 1 4 1 2 2 4 4 4 4 4 2 2 4 0 1 0 1 2 1 2 2 0 1 0 1 2 1 2 2 4 4 4 4 4 4 2 4 4 4 4 4 4 1 2 2 3 1 3 1 3 2 2 2 3 1 3 1 3 3 2 2 3 4 4 4 2 3 3 1 3 1 3 3 2 3 3 1 3 1 3 1 3 1 2 2 3 1 3 1 3 2 2 1 4 1 3 3 3 4 4 3 3 3 3 1 2 2 3 2 0 1 0 1 2 2 2 2 0 1 0 1 2 2 2 2 4 4 4 1 4 4 4 1 4 1 4 1 2 4 4 1 0 1 0 1 2 1 2 1 0 1 0 1 2 1 2 2 4 4 4 4 4 1 2 1 4 1 4 1 2 1 4 4 3 1 3 3 2 3 3 3 3 1 3 3 3 2 2 3 4 4 4 4 3 2 2 3 3 1 3 4 2 4 2 2 3 1 3 3 2 2 2 3 3 1 3 1 2 1 3 1 4 1 4 3 2 1 4 3 4 3 3 1 2 4 3 3 0 1 0 1 2 2 2 1 0 1 0 1 2 2 2 1 4 4 4 4 4 1 2 4 4 1 4 4 2 4 2 1 0 1 0 1 2 2 2 2 0 1 0 1 2 1 2 2 4 1 4 4 4 2 4 4 4 1 4 4 2 1 4 2 3 1 3 3 3 2 2 2 3 1 3 3 3 1 2 2 4 1 4 1 4 3 4 1 3 4 4 1 4 4 4 4 3 3 3 1 2 1 2 1 3 1 3 1 2 2 3 3 3 3 4 4 4 4 2 3 4 1 3 4 4 4 2 4 0 1 0 1 2 1 2 1 0 1 0 1 2 1 2 2 4 4 4 1 4 1 2 2 4 4 4 1 4 4 2 4 0 1 0 1 2 2 2 1 0 1 0 1 2 1 2 1 4 1 4 4 2 2 4 2 4 4 4 4 4 2 4 1 3 3 3 1 3 2 3 3 3 3 3 3 3 1 3 3 4 1 3 4 4 4 2 4 3 1 3 4 3 4 2 4 3 1 3 3 3 3 3 3 3 1 3 1 3 2 3 2 4 4 4 3 3 4 2 1 3 3 4 1 2 3 4 1 0 1 0 1 2 1 2 1 0 1 0 1 2 2 2 2 4 4 4 1 4 2 4 4 4 4 4 4 2 1 4 4 0 1 0 1 2 2 2 1 0 1 0 1 2 2 2 1 4 1 4 1 2 2 2 2 4 1 4 1 2 1 2 2 3 1 3 3 2 1 3 3 3 3 3 1 3 2 2 3 4 3 4 3 2 1 2 2 4 4 4 3 3 4 2 4 3 1 3 3 3 3 3 1 3 3 3 3 2 3 2 3 3 3 4 4 4 2 2 1 3 1 4 3 2 1 2 2 0 1 0 1 2 2 2 1 0 1 0 1 2 1 2 2 4 1 4 4 2 2 2 4 4 1 4 1 4 2 4 4 0 1 0 1 2 1 2 1 0 1 0 1 2 2 2 1 4 4 4 4 4 1 4 1 4 4 4 4 2 4 4 4 3 1 3 1 3 3 3 3 3 3 3 1 2 2 2 2 4 4 4 1 4 1 4 3 4 4 3 4 2 2 4 2 3 1 3 3 2 3 3 1 3 1 3 1 3 3 3 1 4 4 3 4 3 4 3 4 3 4 4 1 2 2 4 2 0 1 0 1 2 1 2 2 0 1 0 1 2 2 2 1 4 4 4 1 2 4 2 4 4 1 4 1 4 2 2 1 0 1 0 1 2 1 2 1 0 1 0 1 2 2 2 1 4 1 4 1 2 1 4 2 4 1 4 1 2 1 4 2 3 3 3 1 2 1 2 2 3 1 3 3 3 3 3 2 3 4 4 3 4 2 4 2 4 4 4 3 3 4 3 3 3 1 3 3 3 1 2 2 3 3 3 3 2 3 3 3 4 1 3 1 2 2 4 2 4 1 3 3 4 2 4 2 0 1 0 1 2 2 2 1 0 1 0 1 2 2 2 1 4 1 4 1 2 2 4 4 4 4 4 4 2 2 4 2 0 1 0 1 2 2 2 1 0 1 0 1 2 1 2 1 4 1 4 1 4 2 2 2 4 1 4 1 2 4 2 1 3 1 3 1 3 1 3 3 3 1 3 3 2 3 2 2 4 3 3 4 2 1 2 2 4 1 4 3 4 3 3 2 3 3 3 3 3 3 2 1 3 1 3 1 2 2 2 2 4 4 4 4 2 4 4 1 3 3 4 3 3 3 2 4 0 1 0 1 2 1 2 2 0 1 0 1 2 1 2 2 4 4 4 4 2 4 2 2 4 1 4 4 2 1 4 4 0 1 0 1 2 1 2 2 0 1 0 1 2 2 2 1 4 4 4 1 4 1 2 2 4 4 4 4 2 4 4 2 3 1 3 3 3 2 3 1 3 3 3 1 3 3 2 1 3 3 3 1 2 2 3 1 4 1 3 1 2 4 3 1 3 1 3 3 2 1 2 2 3 3 3 3 3 3 3 2 3 4 3 3 3 1 4 4 4 4 3 3 2 4 3 4 0 1 0 1 2 2 2 1 0 1 0 1 2 2 2 2 4 4 4 1 2 4 2 1 4 4 4 4 2 2 4 2 0 1 0 1 2 2 2 2 0 1 0 1 2 1 2 2 4 1 4 1 4 1 4 4 4 1 4 1 4 1 2 4 3 3 3 3 3 2 2 3 3 1 3 1 2 3 3 2 4 1 3 4 3 4 3 3 4 1 4 3 4 4 2 1 3 3 3 1 3 2 2 3 3 3 3 3 2 3 2 1 4 1 3 3 2 1 4 4 4 3 4 4 4 4 2 1 0 1 0 1 2 2 2 2 0 1 0 1 2 1 2 2 4 1 4 1 4 2 4 2 4 4 4 1 2 2 4 1 0 1 0 1 2 2 2 1 0 1 0 1 2 2 2 2 4 4 4 4 4 4 4 2 4 4 4 1 2 2 2 2 3 3 3 3 2 3 3 2 3 3 3 1 3 2 2 3 3 4 3 1 2 3 4 2 4 4 3 4 4 4 4 3 3 1 3 3 3 3 2 3 3 1 3 3 2 3 3 2 3 3 4 4 4 3 2 4 3 3 4 3 4 3 4 3 0 1 0 1 2 1 2 1 0 1 0 1 2 2 2 2 4 1 4 4 4 2 2 4 4 1 4 4 4 1 2 2 0 1 0 1 2 1 2 1 0 1 0 1 2 2 2 1 4 1 4 4 2 1 4 4 4 4 4 1 2 4 4 1 3 3 3 1 3 3 2 1 3 1 3 3 3 3 3 1 4 3 4 4 2 3 3 2 4 1 3 1 3 2 2 1 3 1 3 3 3 2 3 3 3 3 3 3 2 3 2 1 3 3 3 4 4 1 4 4 4 1 4 4 4 3 4 1 0 1 0 1 2 1 2 1 0 1 0 1 2 2 2 2 4 4 4 4 4 4 2 1 4 1 4 4 4 4 4 2 0 1 0 1 2 2 2 1 0 1 0 1 2 1 2 1 4 4 4 4 4 1 2 4 4 1 4 4 4 1 2 1 3 1 3 3 3 1 3 2 3 1 3 3 3 2 2 2 3 1 4 4 2 3 4 1 4 3 3 3 2 4 4 2 3 3 3 1 2 2 2 3 3 3 3 3 2 1 3 1 4 4 4 4 4 3 3 4 3 1 4 4 3 4 3 4 0 1 0 1 2 2 2 1 0 1 0 1 2 1 2 1 4 4 4 1 4 4 4 4 4 4 4 4 4 4 2 1 0 1 0 1 2 2 2 1 0 1 0 1 2 2 2 2 4 1 4 1 2 1 4 2 4 1 4 4 4 1 2 1 3 3 3 3 2 2 2 1 3 3 3 1 2 3 3 2 4 4 4 1 3 4 2 3 3 3 4 1 4 1 3 3 3 3 3 1 3 2 3 3 3 3 3 3 3 2 3 2 4 1 4 4 3 4 3 2 3 1 4 3 4 4 2 2 0 1 0 1 2 1 2 2 0 1 0 1 2 2 2 2 4 4 4 1 4 2 2 2 4 1 4 1 4 4 4 2 0 1 0 1 2 1 2 1 0 1 0 1 2 1 2 1 4 1 4 4 4 2 2 1 4 4 4 4 4 2 4 2 3 1 3 1 3 3 3 3 3 1 3 1 2 3 3 1 3 3 4 3 2 1 2 4 3 3 3 4 2 4 4 2 3 1 3 3 2 2 3 1 3 1 3 1 3 2 3 2 4 4 4 4 2 2 3 3 3 4 4 4 2 2 3 1 0 1 0 1 2 2 2 1 0 1 0 1 2 1 2 2 4 1 4 4 2 4 4 2 4 4 4 4 2 4 4 1 0 1 0 1 2 2 2 2 0 1 0 1 2 2 2 2 4 4 4 1 2 4 2 1 4 1 4 1 2 2 2 1 3 1 3 3 2 1 3 1 3 1 3 1 3 2 3 1 3 4 4 4 3 4 2 4 3 1 3 3 2 3 4 4 3 3 3 1 3 1 2 2 3 1 3 1 2 3 2 3 3 4 3 1 3 3 3 4 4 1 4 4 4 1 3 4 0 1 0 1 2 2 2 1 0 1 0 1 2 2 2 1 4 4 4 1 2 2 2 1 4 1 4 4 2 4 2 4 0 1 0 1 2 2 2 2 0 1 0 1 2 2 2 2 4 4 4 4 2 4 2 1 4 1 4 1 4 4 2 4 3 1 3 3 2 2 2 2 3 3 3 3 3 1 2 1 3 3 4 4 4 2 2 1 4 3 4 3 3 3 4 4 3 3 3 1 3 3 3 2 3 3 3 3 3 1 3 1 4 3 3 4 4 4 4 3 3 3 3 3 4 1 2 1 0 1 0 1 2 1 2 1 0 1 0 1 2 1 2 2 4 1 4 4 2 4 4 4 4 4 4 4 4 4 4 1 0 1 0 1 2 1 2 1 0 1 0 1 2 2 2 1 4 4 4 4 4 2 2 1 4 4 4 4 2 2 4 1 3 1 3 1 3 3 2 2 3 1 3 3 2 1 3 3 3 4 4 1 2 4 2 2 4 4 4 1 2 4 3 4 3 3 3 3 2 3 3 2 3 3 3 1 2 2 2 1 4 3 4 3 3 2 2 4 4 1 4 1 4 3 3 2 0 1 0 1 2 1 2 2 0 1 0 1 2 2 2 2 4 4 4 4 2 2 2 1 4 1 4 4 2 2 2 4 0 1 0 1 2 2 2 2 0 1 0 1 2 2 2 2 4 4 4 1 4 4 4 4 4 1 4 1 2 1 2 2 3 1 3 3 3 1 3 2 3 1 3 3 3 2 2 3 4 4 4 4 2 4 2 1 3 3 3 4 3 3 3 3 3 1 3 1 3 2 2 2 3 3 3 3 2 1 3 2 3 4 4 1 4 4 3 2 4 3 3 4 4 3 4 2 0 1 0 1 2 1 2 2 0 1 0 1 2 2 2 1 4 1 4 1 2 1 4 1 4 4 4 1 2 2 2 2 0 1 0 1 2 1 2 1 0 1 0 1 2 1 2 1 4 4 4 1 4 4 2 2 4 1 4 4 4 2 2 1 3 3 3 1 2 2 2 1 3 1 3 3 3 1 2 1 3 3 4 1 4 3 2 2 3 1 3 1 3 3 3 1 3 3 3 3 3 3 2 2 3 3 3 1 2 1 3 3 3 3 4 3 4 4 2 1 4 3 4 4 2 4 4 1 0 1 0 1 2 1 2 2 0 1 0 1 2 2 2 2 4 4 4 1 4 4 2 4 4 1 4 1 2 4 4 2 0 1 0 1 2 2 2 2 0 1 0 1 2 1 2 2 4 4 4 4 2 4 4 4 4 1 4 4 4 4 2 2 3 3 3 3 2 1 3 1 3 1 3 1 3 2 3 2 3 1 3 3 3 1 2 2 3 1 3 3 2 3 3 1 3 1 3 3 3 3 3 1 3 1 3 1 3 1 3 1 4 1 4 3 3 2 3 3 4 3 3 3 3 3 2 4 0 1 0 1 2 2 2 2 0 1 0 1 2 1 2 2 4 4 4 4 2 4 2 4 4 1 4 1 4 2 4 1 0 1 0 1 2 1 2 2 0 1 0 1 2 2 2 1 4 1 4 1 4 2 2 1 4 1 4 4 4 4 2 1 3 1 3 3 3 2 3 3 3 1 3 1 3 1 3 1 3 3 3 4 2 1 2 2 4 3 3 4 4 2 3 4 3 3 3 3 3 3 2 2 3 1 3 1 3 2 3 1 4 1 3 1 4 3 4 4 3 3 4 3 3 1 3 4 0 1 0 1 2 2 2 2 0 1 0 1 2 2 2 2 4 4 4 4 4 2 4 4 4 4 4 1 2 1 4 4 0 1 0 1 2 1 2 2 0 1 0 1 2 1 2 2 4 1 4 4 4 1 2 4 4 1 4 1 4 4 2 4 3 1 3 3 3 2 3 1 3 3 3 3 3 1 2 2 3 1 4 4 3 3 4 3 4 4 4 1 3 4 2 3 3 3 3 1 2 1 3 3 3 1 3 3 3 1 3 2 4 3 3 3 4 1 2 4 4 3 3 1 4 2 3 1 0 1 0 1 2 1 2 2 0 1 0 1 2 1 2 1 4 4 4 4 2 4 4 2 4 1 4 1 4 2 2 4 0 1 0 1 2 2 2 2 0 1 0 1 2 1 2 2 4 1 4 1 2 2 4 1 4 4 4 4 2 2 2 2 3 1 3 1 2 3 3 2 3 1 3 1 3 1 2 1 4 1 4 1 3 2 3 4 4 3 3 4 2 1 3 4 3 3 3 3 3 1 3 2 3 3 3 3 2 3 2 2 4 3 3 1 2 4 2 1 4 1 4 1 2 3 4 4 0 1 0 1 2 2 2 2 0 1 0 1 2 2 2 1 4 1 4 1 4 1 4 1 4 4 4 4 4 4 2 2 0 1 0 1 2 2 2 2 0 1 0 1 2 1 2 2 4 4 4 4 2 2 4 2 4 1 4 4 4 4 4 2 3 1 3 1 2 3 3 1 3 3 3 3 2 1 3 3 4 4 3 4 4 4 3 2 4 1 4 4 4 3 4 1 3 1 3 3 2 2 2 1 3 3 3 1 2 1 3 1 4 3 4 4 3 1 4 2 3 3 3 3 4 1 3 1 0 1 0 1 2 1 2 1 0 1 0 1 2 2 2 2 4 1 4 1 2 4 4 2 4 4 4 1 2 1 4 1 0 1 0 1 2 2 2 2 0 1 0 1 2 1 2 1 4 4 4 1 2 4 4 1 4 1 4 4 4 1 4 4 3 1 3 1 3 2 2 3 3 3 3 3 2 3 3 1 3 3 3 1 2 1 4 1 4 1 3 4 2 4 3 4 3 3 3 3 3 1 3 2 3 1 3 1 3 3 2 2 3 3 4 1 3 4 4 1 4 3 3 3 3 4 3 1 0 1 0 1 2 2 2 2 0 1 0 1 2 2 2 1 4 1 4 4 4 2 2 1 4 4 4 1 2 4 2 1 0 1 0 1 2 2 2 1 0 1 0 1 2 2 2 1 4 4 4 4 2 2 2 4 4 4 4 4 2 4 4 2 3 1 3 3 3 3 2 1 3 1 3 3 3 2 3 3 3 1 3 4 2 3 3 3 4 3 4 4 3 1 2 1 3 3 3 1 3 3 3 3 3 1 3 1 3 3 2 1 4 4 4 3 3 1 4 3 4 1 3 1 4 2 3 4 0 1 0 1 2 2 2 2 0 1 0 1 2 1 2 1 4 4 4 4 2 1 2 4 4 1 4 1 4 4 4 1 0 1 0 1 2 2 2 2 0 1 0 1 2 2 2 2 4 4 4 4 2 4 4 1 4 1 4 1 2 4 4 1 3 1 3 1 3 1 2 1 3 1 3 3 2 3 3 2 3 3 3 1 3 4 2 1 3 1 3 3 3 4 3 2 3 3 3 1 2 2 3 2 3 1 3 1 2 1 3 3 3 1 3 1 2 2 3 4 4 4 3 4 3 2 4 2 0 1 0 1 2 1 2 1 0 1 0 1 2 1 2 2 4 1 4 1 4 2 4 2 4 1 4 4 2 2 4 4 0 1 0 1 2 2 2 2 0 1 0 1 2 2 2 2 4 1 4 1 2 2 2 1 4 1 4 1 2 2 4 4 3 3 3 3 3 2 3 2 3 3 3 3 3 3 2 3 4 4 3 3 3 2 3 2 3 4 4 1 3 4 3 2 3 1 3 1 2 2 2 3 3 1 3 3 3 2 3 3 4 4 3 1 3 4 2 3 3 3 4 3 4 2 4 4 0 1 0 1 2 1 2 1 0 1 0 1 2 2 2 1 4 1 4 4 4 4 2 2 4 1 4 1 4 1 2 2 0 1 0 1 2 1 2 2 0 1 0 1 2 2 2 2 4 4 4 4 4 2 4 4 4 1 4 4 4 4 4 4 3 1 3 1 3 1 2 2 3 3 3 3 2 2 2 2 3 4 4 3 2 1 3 2 3 1 3 3 4 4 3 4 3 3 3 3 2 1 3 1 3 1 3 1 3 1 2 3 3 4 3 1 2 2 4 3 3 3 4 3 3 2 3 4 0 1 0 1 2 2 2 1 0 1 0 1 2 1 2 2 4 4 4 1 2 2 4 2 4 1 4 4 4 4 2 2 0 1 0 1 2 2 2 2 0 1 0 1 2 2 2 2 4 1 4 4 4 1 4 2 4 1 4 1 4 2 4 4 3 3 3 1 2 3 3 2 3 1 3 3 2 3 2 2 4 4 3 3 2 2 4 2 4 4 4 4 4 2 3 3 3 3 3 1 2 1 3 1 3 3 3 3 3 3 2 1 4 3 3 3 4 2 2 3 3 1 4 3 3 3 3 1 0 1 0 1 2 1 2 1 0 1 0 1 2 2 2 1 4 4 4 1 4 4 2 4 4 4 4 4 4 4 4 2 0 1 0 1 2 2 2 1 0 1 0 1 2 2 2 2 4 4 4 4 4 1 2 4 4 4 4 1 2 1 4 4 3 1 3 1 3 2 3 2 3 3 3 1 3 1 2 3 3 3 3 4 4 2 4 2 4 3 3 3 3 1 2 3 3 3 3 3 3 2 2 1 3 1 3 1 3 3 2 3 3 3 4 3 3 1 3 1 3 3 3 1 2 3 4 1 0 1 0 1 2 2 2 1 0 1 0 1 2 1 2 2 4 1 4 1 4 1 4 4 4 1 4 4 4 2 4 4 0 1 0 1 2 1 2 1 0 1 0 1 2 1 2 2 4 1 4 4 4 1 2 1 4 1 4 1 4 1 2 2 3 1 3 1 3 2 2 3 3 3 3 1 2 2 2 1 3 1 4 1 4 1 4 3 4 3 4 1 2 4 2 4 3 1 3 1 2 1 2 3 3 1 3 3 3 3 2 1 4 3 4 1 2 1 2 1 4 1 3 1 3 2 2 4 0 1 0 1 2 2 2 2 0 1 0 1 2 1 2 1 4 1 4 4 2 4 2 4 4 1 4 1 4 4 4 4 0 1 0 1 2 2 2 2 0 1 0 1 2 2 2 2 4 1 4 4 2 2 2 2 4 4 4 4 4 4 2 2 3 1 3 1 2 2 2 3 3 3 3 3 2 3 2 2 3 3 4 3 4 4 3 3 3 4 3 3 2 4 4 2 3 3 3 1 3 3 2 3 3 1 3 1 3 2 2 2 4 4 3 3 3 2 3 2 4 1 3 3 2 3 2 4 0 1 0 1 2 2 2 2 0 1 0 1 2 2 2 2 4 4 4 4 2 2 2 1 4 1 4 1 4 4 2 2 0 1 0 1 2 2 2 1 0 1 0 1 2 2 2 1 4 4 4 4 2 4 2 1 4 4 4 1 4 4 4 2 3 3 3 3 2 3 3 1 3 1 3 1 2 2 3 2 3 3 4 4 3 1 2 1 4 1 3 3 4 2 2 2 3 1 3 1 2 1 3 2 3 3 3 3 3 1 3 1 4 4 4 4 3 3 3 4 4 3 4 3 3 2 4 1 0 1 0 1 2 2 2 1 0 1 0 1 2 1 2 1 4 1 4 4 4 4 2 1 4 4 4 4 4 1 2 1 0 1 0 1 2 2 2 1 0 1 0 1 2 2 2 2 4 1 4 1 2 1 4 4 4 4 4 1 4 4 2 2 3 1 3 1 3 3 3 2 3 1 3 1 2 2 3 2 4 3 4 1 2 2 3 3 4 4 4 4 3 4 3 3 3 3 3 1 2 2 3 2 3 1 3 3 3 3 2 3 3 3 4 4 2 1 3 2 3 4 3 3 2 3 3 3 0 1 0 1 2 1 2 1 0 1 0 1 2 2 2 2 4 1 4 4 4 1 2 1 4 4 4 4 2 2 2 2 0 1 0 1 2 2 2 1 0 1 0 1 2 1 2 1 4 4 4 4 4 4 2 2 4 1 4 4 4 4 4 1 3 3 3 3 3 1 2 1 3 3 3 1 3 1 2 1 4 1 4 4 3 2 2 4 3 4 3 3 3 2 3 4 3 3 3 1 3 1 2 2 3 3 3 3 2 1 2 3 4 3 4 1 4 1 2 1 3 3 4 3 3 2 3 4 0 1 0 1 2 2 2 2 0 1 0 1 2 2 2 1 4 4 4 4 2 1 2 1 4 4 4 1 4 4 2 1 0 1 0 1 2 1 2 2 0 1 0 1 2 2 2 2 4 1 4 4 2 2 4 4 4 4 4 4 2 1 4 2 3 3 3 3 3 2 3 1 3 3 3 1 3 1 2 1 3 3 3 1 2 4 2 1 4 4 3 4 3 3 2 4 3 1 3 3 3 2 3 3 3 3 3 1 3 3 2 3 4 4 3 1 2 4 3 2 4 4 4 4 4 3 3 4 0 1 0 1 2 1 2 1 0 1 0 1 2 2 2 1 4 1 4 1 4 2 2 1 4 1 4 1 4 4 4 1 0 1 0 1 2 2 2 2 0 1 0 1 2 2 2 1 4 1 4 4 2 1 2 2 4 4 4 4 2 2 2 4 3 3 3 3 2 2 2 1 3 3 3 3 3 1 2 3 3 3 3 1 3 4 4 3 3 1 4 4 2 2 4 2 3 1 3 3 3 2 2 3 3 1 3 1 3 3 3 2 3 3 4 1 4 1 2 1 3 3 3 4 4 1 2 2 0 1 0 1 2 2 2 1 0 1 0 1 2 2 2 1 4 1 4 4 2 4 2 2 4 1 4 1 4 1 2 2 0 1 0 1 2 1 2 2 0 1 0 1 2 1 2 2 4 1 4 4 2 4 2 1 4 4 4 1 2 2 4 1 3 3 3 3 2 2 2 1 3 1 3 1 3 3 3 3 4 3 4 3 4 1 3 4 4 3 4 1 4 2 2 1 3 1 3 3 3 3 3 1 3 3 3 1 3 1 3 1 4 1 4 3 4 3 4 4 3 1 4 3 4 2 2 2 0 1 0 1 2 2 2 1 0 1 0 1 2 2 2 2 4 4 4 1 4 1 2 1 4 4 4 4 4 1 2 1 0 1 0 1 2 2 2 2 0 1 0 1 2 1 2 1 4 1 4 1 2 2 4 1 4 4 4 1 2 1 2 4 3 1 3 1 2 2 2 2 3 3 3 1 2 1 2 3 3 3 4 3 2 2 4 1 3 1 3 3 4 2 4 1 3 3 3 3 2 3 2 3 3 3 3 3 3 2 2 3 3 1 3 4 2 1 3 3 3 3 4 1 4 3 2 3 0 1 0 1 2 2 2 2 0 1 0 1 2 1 2 1 4 4 4 4 2 1 4 1 4 4 4 1 4 4 4 1 0 1 0 1 2 2 2 1 0 1 0 1 2 2 2 2 4 4 4 1 4 1 2 4 4 1 4 4 4 4 2 2 3 3 3 1 3 3 3 3 3 3 3 3 3 3 2 3 3 1 4 1 3 1 3 3 3 3 4 1 4 1 3 4 3 3 3 3 3 1 2 3 3 3 3 3 3 2 3 3 3 3 3 3 3 1 4 2 3 1 3 1 2 4 3 2 0 1 0 1 2 2 2 1 0 1 0 1 2 2 2 2 4 4 4 4 4 4 2 2 4 4 4 4 2 1 2 1 0 1 0 1 2 1 2 2 0 1 0 1 2 1 2 2 4 4 4 4 4 2 2 2 4 1 4 1 2 1 2 2 3 1 3 1 3 3 2 2 3 1 3 3 3 1 3 2 4 1 4 4 4 3 3 2 3 1 3 1 3 1 2 3 3 1 3 3 3 2 2 3 3 3 3 3 2 2 3 1 3 4 4 1 3 3 2 2 4 4 3 1 2 2 3 2 0 1 0 1 2 1 2 1 0 1 0 1 2 1 2 1 4 1 4 4 2 2 4 1 4 4 4 4 4 1 4 1 0 1 0 1 2 1 2 2 0 1 0 1 2 2 2 2 4 4 4 4 2 2 4 4 4 1 4 4 2 4 4 1 3 1 3 1 2 3 3 2 3 3 3 3 3 2 3 2 3 1 4 3 2 1 2 4 3 4 4 4 4 4 2 2 3 1 3 3 2 2 2 2 3 3 3 3 2 3 2 3 4 3 3 3 2 4 2 1 3 3 3 4 3 3 2 2 0 1 0 1 2 1 2 1 0 1 0 1 2 2 2 1 4 1 4 1 4 4 4 1 4 1 4 1 4 1 4 4 0 1 0 1 2 2 2 1 0 1 0 1 2 2 2 1 4 1 4 1 4 2 2 1 4 1 4 1 2 1 4 2 3 1 3 1 2 2 3 1 3 3 3 3 2 2 2 3 4 3 4 3 3 4 3 2 3 3 4 1 2 1 3 3 3 1 3 1 2 3 3 3 3 3 3 1 2 3 2 1 4 1 4 4 3 3 2 3 4 3 4 1 2 4 4 2 0 1 0 1 2 2 2 2 0 1 0 1 2 1 2 2 4 1 4 1 4 4 2 1 4 4 4 1 4 4 2 1 0 1 0 1 2 1 2 1 0 1 0 1 2 1 2 2 4 4 4 1 4 4 2 2 4 1 4 1 2 2 4 2 3 3 3 3 2 1 3 3 3 1 3 3 2 3 2 1 3 4 4 4 3 2 4 1 4 4 4 1 4 3 4 2 3 3 3 1 2 3 3 1 3 1 3 3 3 2 2 1 3 1 4 1 3 2 4 1 3 3 3 1 4 2 3 3 0 1 0 1 2 2 2 2 0 1 0 1 2 1 2 2 4 1 4 4 2 4 2 1 4 4 4 4 4 2 2 1 0 1 0 1 2 2 2 2 0 1 0 1 2 2 2 2 4 1 4 4 2 4 4 4 4 1 4 4 4 1 4 2 3 3 3 3 3 2 3 3 3 1 3 3 3 1 2 2 4 4 4 3 2 3 2 2 3 4 3 3 4 4 2 1 3 3 3 3 3 3 2 1 3 1 3 3 2 1 3 2 4 4 4 3 3 4 2 4 4 1 4 4 4 2 4 1 0 1 0 1 2 1 2 1 0 1 0 1 2 2 2 1 4 1 4 1 4 2 4 2 4 4 4 1 2 2 2 4 0 1 0 1 2 2 2 2 0 1 0 1 2 1 2 1 4 1 4 1 2 1 4 2 4 1 4 1 2 2 4 4 3 3 3 1 3 2 3 2 3 3 3 1 2 3 2 3 3 3 4 1 3 4 4 2 4 4 4 4 2 2 4 4 3 3 3 3 2 1 3 3 3 1 3 1 2 1 2 3 3 1 3 1 3 2 2 3 4 1 4 4 3 1 3 1 0 1 0 1 2 1 2 1 0 1 0 1 2 1 2 2 4 1 4 4 4 2 2 4 4 1 4 1 2 2 2 4 0 1 0 1 2 2 2 2 0 1 0 1 2 2 2 2 4 4 4 1 2 4 4 2 4 4 4 4 4 1 2 4 3 3 3 3 2 3 2 3 3 3 3 1 3 1 3 3 3 3 4 4 2 1 4 3 4 3 3 4 3 3 2 2 3 1 3 1 3 2 2 3 3 3 3 3 3 1 3 1 3 1 4 4 3 1 4 1 3 3 3 1 2 2 2 4 0 1 0 1 2 1 2 1 0 1 0 1 2 1 2 1 4 4 4 4 4 4 4 1 4 1 4 4 2 1 2 4 0 1 0 1 2 2 2 1 0 1 0 1 2 2 2 1 4 1 4 4 2 4 4 2 4 1 4 4 2 4 4 2 3 1 3 3 3 1 3 2 3 3 3 1 2 1 3 2 4 3 4 4 2 1 4 1 4 3 3 1 2 4 3 2 3 3 3 1 2 3 2 1 3 1 3 1 3 2 3 1 3 3 3 3 2 4 3 3 4 4 4 4 3 2 4 4 0 1 0 1 2 1 2 1 0 1 0 1 2 2 2 2 4 4 4 1 2 2 2 2 4 1 4 4 4 2 4 1 0 1 0 1 2 1 2 2 0 1 0 1 2 1 2 1 4 1 4 1 2 2 4 2 4 4 4 1 4 2 2 4 3 1 3 3 2 1 2 1 3 3 3 3 2 2 3 2 4 1 4 4 3 4 2 2 4 1 4 1 2 1 4 3 3 1 3 3 2 2 3 1 3 1 3 3 2 1 3 2 3 4 3 1 4 3 2 4 4 3 3 4 2 2 2 2 0 1 0 1 2 2 2 1 0 1 0 1 2 2 2 1 4 4 4 4 4 2 2 4 4 1 4 4 2 2 2 2 0 1 0 1 2 2 2 1 0 1 0 1 2 1 2 2 4 1 4 4 2 2 4 4 4 1 4 4 2 1 2 1 3 1 3 1 3 3 3 3 3 1 3 3 3 1 3 2 4 4 4 1 4 3 4 4 4 4 4 3 2 1 3 2 3 3 3 3 3 3 2 2 3 1 3 1 2 1 2 3 3 1 3 4 4 2 3 4 4 3 4 1 3 1 2 1 0 1 0 1 2 2 2 2 0 1 0 1 2 2 2 2 4 1 4 4 2 1 2 1 4 1 4 4 4 2 4 1 0 1 0 1 2 2 2 1 0 1 0 1 2 2 2 1 4 4 4 1 2 1 4 4 4 1 4 4 2 4 2 4 3 1 3 1 3 3 3 2 3 3 3 3 3 1 2 2 3 3 4 3 3 3 3 4 3 1 4 1 4 2 2 4 3 3 3 3 2 2 2 3 3 1 3 1 3 3 3 3 4 1 3 3 2 2 2 2 4 4 3 4 2 1 4 1 0 1 0 1 2 1 2 1 0 1 0 1 2 2 2 1 4 4 4 4 4 2 4 1 4 4 4 1 2 4 2 1 0 1 0 1 2 1 2 2 0 1 0 1 2 1 2 2 4 4 4 1 4 2 2 4 4 4 4 1 2 1 2 4 3 1 3 3 2 1 3 2 3 1 3 3 3 1 2 1 3 4 4 1 4 4 2 3 3 1 3 3 2 3 3 2 3 3 3 1 2 1 2 3 3 1 3 1 3 3 3 3 4 3 3 3 4 4 4 4 4 1 3 3 4 4 3 1 0 1 0 1 2 2 2 2 0 1 0 1 2 1 2 2 4 4 4 1 2 1 2 2 4 4 4 1 4 4 2 1 0 1 0 1 2 2 2 2 0 1 0 1 2 2 2 2 4 1 4 1 4 1 2 4 4 4 4 1 4 1 4 2 3 3 3 3 2 3 2 1 3 1 3 3 3 3 3 3 4 1 3 4 2 3 4 3 3 1 4 4 4 2 3 1 3 3 3 3 3 3 3 2 3 3 3 3 3 2 2 3 4 4 3 4 3 1 3 4 3 3 3 1 4 2 2 2 0 1 0 1 2 2 2 1 0 1 0 1 2 1 2 2 4 4 4 1 4 4 4 2 4 4 4 4 2 2 2 2 0 1 0 1 2 2 2 2 0 1 0 1 2 2 2 1 4 1 4 1 2 4 2 2 4 1 4 4 4 2 2 4 3 3 3 3 3 3 3 2 3 3 3 1 2 2 2 3 4 1 4 3 2 1 4 1 3 3 3 4 3 4 3 3 3 1 3 3 2 1 2 1 3 3 3 1 2 2 3 3 3 1 3 4 2 4 4 3 4 4 3 1 3 4 2 3 0 1 0 1 2 1 2 2 0 1 0 1 2 2 2 2 4 1 4 4 4 2 2 4 4 1 4 4 4 1 4 1 0 1 0 1 2 2 2 1 0 1 0 1 2 2 2 1 4 1 4 4 2 4 2 4 4 1 4 1 2 4 2 2 3 1 3 1 2 2 3 3 3 1 3 1 2 1 2 3 4 3 4 3 3 1 3 1 3 3 3 4 3 3 2 3 3 1 3 3 3 1 2 2 3 1 3 3 2 2 3 3 4 3 4 4 2 3 3 1 3 3 4 1 3 1 2 2 0 1 0 1 2 2 2 2 0 1 0 1 2 2 2 2 4 1 4 4 4 1 2 4 4 4 4 4 4 1 4 1 0 1 0 1 2 1 2 2 0 1 0 1 2 1 2 2 4 4 4 4 2 2 4 1 4 4 4 1 2 4 4 1 3 1 3 1 2 1 3 3 3 3 3 1 2 1 2 3 3 3 3 3 4 3 3 2 4 3 4 3 4 2 4 3 3 1 3 3 3 2 2 3 3 1 3 1 2 1 3 1 4 4 4 4 4 1 2 3 4 4 3 4 2 2 2 2 0 1 0 1 2 1 2 1 0 1 0 1 2 2 2 2 4 1 4 4 2 4 4 1 4 4 4 4 2 2 2 4 0 1 0 1 2 1 2 2 0 1 0 1 2 2 2 2 4 4 4 1 4 2 4 4 4 4 4 4 4 2 4 4 3 1 3 1 3 2 2 2 3 3 3 3 3 2 2 2 4 1 3 1 4 1 4 3 3 1 4 4 2 2 3 3 3 1 3 1 3 3 3 1 3 3 3 3 3 3 3 2 4 4 4 4 2 1 3 4 3 4 4 1 3 2 4 4 0 1 0 1 2 2 2 1 0 1 0 1 2 2 2 2 4 4 4 1 2 1 2 4 4 1 4 1 4 2 2 4 0 1 0 1 2 1 2 2 0 1 0 1 2 1 2 2 4 4 4 1 2 1 4 2 4 1 4 4 4 1 2 1 3 1 3 3 3 3 3 3 3 1 3 3 2 3 3 2 4 4 4 4 2 2 2 1 3 3 4 4 2 2 3 4 3 3 3 3 2 1 2 2 3 1 3 3 3 1 2 1 4 3 4 1 4 2 2 4 3 1 4 1 2 3 2 2 0 1 0 1 2 2 2 2 0 1 0 1 2 1 2 2 4 4 4 1 2 4 2 1 4 1 4 4 2 2 4 4 0 1 0 1 2 2 2 2 0 1 0 1 2 2 2 1 4 4 4 1 2 2 2 4 4 1 4 1 2 2 4 2 3 1 3 1 2 2 2 1 3 1 3 1 2 1 2 1 4 1 3 4 4 4 4 3 3 4 4 1 2 1 3 2 3 1 3 1 3 2 3 3 3 3 3 3 2 3 3 1 4 4 3 3 2 4 2 3 4 1 4 3 4 1 2 3 0 1 0 1 2 2 2 1 0 1 0 1 2 1 2 2 4 4 4 1 2 2 4 2 4 1 4 4 4 4 4 4 0 1 0 1 2 1 2 1 0 1 0 1 2 2 2 2 4 1 4 4 2 4 2 4 4 4 4 4 4 4 2 1 3 1 3 3 2 2 2 3 3 3 3 3 3 3 2 2 4 3 4 1 3 3 2 2 3 1 3 4 2 2 2 3 3 1 3 1 3 1 3 3 3 1 3 3 3 2 2 3 3 1 3 1 2 4 3 2 4 3 3 1 3 2 3 3 0 1 0 1 2 2 2 2 0 1 0 1 2 1 2 1 4 1 4 4 4 1 2 1 4 4 4 1 2 1 4 4 0 1 0 1 2 1 2 2 0 1 0 1 2 2 2 2 4 4 4 4 2 1 4 4 4 1 4 1 2 4 2 2 3 1 3 1 2 1 3 2 3 3 3 1 2 1 2 1 3 3 4 3 3 4 2 4 3 3 3 1 4 2 4 2 3 1 3 1 3 1 3 2 3 1 3 3 2 2 2 1 4 3 4 4 3 1 4 2 3 4 3 4 3 3 4 1 0 1 0 1 2 2 2 1 0 1 0 1 2 2 2 1 4 1 4 4 2 1 2 2 4 1 4 4 4 1 2 2 0 1 0 1 2 1 2 2 0 1 0 1 2 2 2 1 4 1 4 4 4 4 2 2 4 4 4 4 4 4 2 2 3 1 3 1 2 1 2 2 3 1 3 1 2 3 2 3 4 4 3 1 3 1 4 1 3 3 4 4 2 4 4 4 3 1 3 1 2 2 2 3 3 3 3 3 2 1 3 2 3 1 3 4 3 4 3 3 4 4 3 1 2 3 3 4 0 1 0 1 2 2 2 2 0 1 0 1 2 1 2 1 4 1 4 4 2 2 4 1 4 1 4 1 2 4 4 4 0 1 0 1 2 2 2 2 0 1 0 1 2 1 2 2 4 1 4 1 2 1 2 1 4 1 4 1 4 1 4 1 3 1 3 1 2 3 2 2 3 3 3 1 3 2 3 1 3 4 4 4 4 3 4 4 3 4 3 1 3 2 2 3 3 1 3 1 3 2 2 1 3 1 3 1 2 1 2 1 4 1 4 1 3 1 4 3 4 1 3 4 2 2 2 4 0 1 0 1 2 1 2 2 0 1 0 1 2 1 2 2 4 1 4 1 2 4 2 4 4 1 4 4 2 2 4 4 0 1 0 1 2 2 2 2 0 1 0 1 2 1 2 1 4 1 4 1 2 1 4 4 4 1 4 4 4 1 2 2 3 1 3 1 3 1 3 2 3 1 3 3 3 3 2 2 4 3 3 4 2 3 3 4 3 3 4 4 2 4 2 3 3 3 3 1 3 3 2 1 3 1 3 3 2 2 2 3 3 4 3 3 2 3 2 2 3 1 4 4 3 3 3 4 0 1 0 1 2 1 2 1 0 1 0 1 2 1 2 1 4 1 4 4 2 2 2 4 4 4 4 4 4 2 4 2 0 1 0 1 2 2 2 2 0 1 0 1 2 2 2 2 4 1 4 4 2 4 2 4 4 1 4 4 4 2 2 1 3 3 3 1 3 1 3 1 3 3 3 1 2 2 2 1 4 3 3 1 4 1 3 2 3 3 3 4 3 1 3 3 3 1 3 1 2 2 3 2 3 3 3 1 3 2 2 3 3 3 3 1 4 2 4 3 4 1 3 3 2 4 2 3 0 1 0 1 2 2 2 2 0 1 0 1 2 2 2 2 4 4 4 4 4 1 4 4 4 1 4 1 4 2 2 4 0 1 0 1 2 2 2 1 0 1 0 1 2 2 2 1 4 1 4 4 4 4 2 2 4 1 4 4 4 4 4 4 3 1 3 1 2 2 3 1 3 1 3 1 3 1 3 3 4 1 4 1 4 3 2 4 3 3 3 4 4 1 4 4 3 1 3 3 2 2 2 1 3 1 3 1 2 3 3 2 3 4 3 4 3 1 4 1 3 3 3 3 2 2 2 2 0 1 0 1 2 2 2 2 0 1 0 1 2 2 2 1 4 4 4 4 2 4 4 4 4 4 4 4 2 1 4 1 0 1 0 1 2 1 2 2 0 1 0 1 2 1 2 2 4 1 4 4 2 2 4 2 4 4 4 1 2 2 2 4 3 1 3 1 2 1 2 3 3 1 3 3 3 2 3 2 3 4 3 1 3 2 2 3 4 4 4 1 3 3 2 4 3 3 3 3 3 2 2 3 3 3 3 3 3 2 2 1 4 4 3 4 3 4 2 1 3 1 4 1 3 2 2 1 0 1 0 1 2 2 2 1 0 1 0 1 2 2 2 1 4 4 4 4 2 4 4 4 4 4 4 4 2 4 4 2 0 1 0 1 2 1 2 1 0 1 0 1 2 2 2 2 4 1 4 4 2 2 2 4 4 4 4 1 2 2 4 2 3 1 3 1 3 3 3 1 3 3 3 3 2 2 2 1 3 1 4 4 2 2 2 3 4 4 4 4 3 2 3 2 3 3 3 3 2 3 2 3 3 3 3 3 3 1 3 2 4 4 3 1 4 4 3 3 4 3 3 4 4 3 2 2 0 1 0 1 2 1 2 1 0 1 0 1 2 2 2 1 4 1 4 4 2 4 4 4 4 4 4 4 4 2 2 1 0 1 0 1 2 2 2 2 0 1 0 1 2 2 2 1 4 4 4 4 4 2 4 2 4 1 4 4 2 4 4 1 3 1 3 1 3 2 2 2 3 1 3 1 2 2 3 2 3 4 4 3 3 1 4 4 3 1 4 3 3 3 4 4 3 1 3 3 2 2 2 1 3 1 3 3 3 2 2 3 4 4 3 1 2 4 2 1 4 1 4 4 3 3 2 1 0 1 0 1 2 2 2 1 0 1 0 1 2 2 2 1 4 1 4 1 4 1 2 1 4 4 4 1 4 4 4 2 0 1 0 1 2 2 2 2 0 1 0 1 2 1 2 1 4 1 4 1 2 2 2 4 4 1 4 1 4 2 2 2 3 1 3 3 2 3 2 3 3 1 3 3 3 1 3 1 4 3 4 3 2 3 3 2 3 4 3 4 3 2 2 3 3 1 3 1 2 1 2 2 3 1 3 3 3 2 3 3 4 3 3 4 3 1 4 1 4 1 3 4 2 3 2 1 0 1 0 1 2 1 2 2 0 1 0 1 2 2 2 1 4 4 4 1 4 2 2 2 4 4 4 1 2 2 4 1 0 1 0 1 2 1 2 1 0 1 0 1 2 1 2 1 4 1 4 4 4 4 2 1 4 1 4 4 2 4 4 4 3 1 3 1 2 1 3 1 3 3 3 1 3 3 2 2 4 4 4 3 2 1 2 2 3 1 4 3 4 3 3 3 3 3 3 1 3 3 3 1 3 1 3 3 2 3 3 3 4 1 4 4 2 4 4 2 4 3 4 3 3 4 2 1 0 1 0 1 2 1 2 2 0 1 0 1 2 1 2 1 4 4 4 1 2 1 2 4 4 1 4 4 2 4 4 1 0 1 0 1 2 1 2 2 0 1 0 1 2 2 2 2 4 1 4 4 2 1 4 4 4 1 4 4 4 2 2 4 3 1 3 3 2 1 3 2 3 1 3 1 2 3 2 1 4 4 4 4 2 1 4 3 3 3 4 4 3 4 3 1 3 3 3 1 3 2 2 2 3 1 3 1 2 1 3 2 4 3 3 3 3 1 3 1 4 4 4 1 4 1 3 2 0 1 0 1 2 1 2 1 0 1 0 1 2 1 2 2 4 4 4 1 4 1 4 4 4 1 4 1 4 4 2 4 0 1 0 1 2 2 2 1 0 1 0 1 2 2 2 1 4 1 4 1 4 1 4 1 4 4 4 4 4 4 4 2 3 3 3 3 2 3 2 1 3 1 3 3 3 3 2 2 3 3 4 4 2 3 3 4 3 4 3 3 2 1 2 2 3 1 3 1 2 1 3 1 3 3 3 3 2 3 3 1 4 1 4 3 3 4 3 2 4 3 3 4 3 3 4 1 0 1 0 1 2 2 2 2 0 1 0 1 2 2 2 2 4 4 4 1 4 4 2 1 4 1 4 4 2 1 2 1 0 1 0 1 2 2 2 2 0 1 0 1 2 1 2 2 4 1 4 4 4 4 2 2 4 1 4 1 2 1 2 4 3 1 3 1 3 2 2 1 3 3 3 1 3 2 3 2 4 4 4 3 3 2 4 1 4 3 4 1 4 3 3 1 3 3 3 1 2 3 2 3 3 1 3 1 2 3 2 3 4 4 3 1 2 3 3 1 3 3 3 1 4 4 3 1 0 1 0 1 2 1 2 1 0 1 0 1 2 2 2 2 4 4 4 1 4 2 2 2 4 1 4 4 4 1 4 2 0 1 0 1 2 2 2 1 0 1 0 1 2 2 2 1 4 4 4 1 4 2 2 2 4 1 4 4 2 2 4 2 3 3 3 1 2 2 2 1 3 1 3 1 3 1 2 2 4 3 3 4 4 1 2 4 3 3 3 3 4 1 2 3 3 1 3 1 2 1 2 3 3 3 3 3 2 3 3 1 4 1 4 3 3 4 4 3 4 1 3 1 2 1 4 1 0 1 0 1 2 2 2 1 0 1 0 1 2 1 2 2 4 1 4 1 2 4 4 4 4 4 4 1 4 4 4 2 0 1 0 1 2 2 2 2 0 1 0 1 2 2 2 1 4 4 4 4 2 4 4 4 4 1 4 1 2 2 4 1 3 3 3 1 3 3 2 1 3 1 3 3 3 2 3 2 4 4 3 1 3 4 4 3 4 4 3 1 2 3 3 3 3 3 3 3 2 3 3 3 3 3 3 3 2 2 2 2 3 4 3 3 4 2 4 1 4 4 3 3 4 3 2 4 0 1 0 1 2 2 2 2 0 1 0 1 2 1 2 1 4 4 4 1 4 1 2 4 4 4 4 4 4 2 4 1 0 1 0 1 2 1 2 2 0 1 0 1 2 2 2 2 4 4 4 1 2 1 4 2 4 1 4 4 4 2 2 2 3 1 3 1 2 3 3 3 3 1 3 1 2 1 2 1 3 3 4 4 3 3 2 3 3 3 4 4 2 3 4 2 3 1 3 1 2 2 3 3 3 1 3 3 3 1 2 1 4 1 3 3 4 3 4 1 3 1 3 1 2 2 3 2 0 1 0 1 2 2 2 1 0 1 0 1 2 1 2 1 4 1 4 1 4 1 4 4 4 1 4 4 4 1 2 1 0 1 0 1 2 2 2 2 0 1 0 1 2 1 2 2 4 4 4 1 4 2 2 4 4 1 4 1 4 2 2 1 3 3 3 3 2 2 3 1 3 1 3 3 2 2 2 1 4 1 3 3 4 1 3 1 4 1 3 4 4 2 4 4 3 3 3 1 3 2 2 1 3 1 3 1 3 1 3 3 3 3 4 4 2 2 2 2 4 4 4 1 3 1 3 2 0 1 0 1 2 1 2 2 0 1 0 1 2 1 2 1 4 4 4 1 4 4 4 4 4 1 4 4 2 1 2 1 0 1 0 1 2 2 2 2 0 1 0 1 2 1 2 1 4 4 4 1 4 4 4 1 4 1 4 1 4 1 4 4 3 1 3 3 2 2 3 3 3 1 3 3 3 3 2 1 4 4 4 4 2 2 4 3 3 1 3 1 3 2 3 3 3 3 3 1 3 1 2 1 3 1 3 3 3 2 2 3 4 4 4 1 4 4 3 4 4 1 4 3 2 1 4 4 0 1 0 1 2 1 2 1 0 1 0 1 2 1 2 2 4 1 4 4 4 2 2 2 4 1 4 1 2 4 4 4 0 1 0 1 2 2 2 2 0 1 0 1 2 1 2 1 4 1 4 4 4 1 2 2 4 4 4 1 2 1 4 2 3 1 3 1 2 3 3 2 3 3 3 3 2 3 2 2 3 3 4 4 4 4 4 4 4 3 4 1 3 1 2 3 3 1 3 3 3 2 3 2 3 1 3 3 2 2 3 1 4 1 3 4 2 1 2 4 4 4 4 1 3 3 4 1 0 1 0 1 2 1 2 1 0 1 0 1 2 1 2 2 4 1 4 1 2 1 2 1 4 4 4 1 4 2 4 1 0 1 0 1 2 2 2 1 0 1 0 1 2 2 2 2 4 4 4 1 4 2 2 2 4 1 4 1 4 4 2 2 3 1 3 1 2 3 2 2 3 1 3 3 2 2 3 3 3 3 4 1 3 4 3 2 4 3 3 3 4 2 2 3 3 3 3 3 2 3 2 2 3 3 3 3 3 1 2 3 3 4 3 1 3 3 2 3 4 4 4 3 3 1 3 2 0 1 0 1 2 1 2 1 0 1 0 1 2 2 2 2 4 4 4 1 4 1 4 4 4 1 4 1 4 2 4 4 0 1 0 1 2 2 2 1 0 1 0 1 2 2 2 1 4 4 4 4 2 4 4 1 4 1 4 1 2 1 4 2 3 1 3 3 2 3 3 2 3 1 3 3 3 1 2 1 4 4 4 1 4 2 4 2 3 1 4 3 4 3 3 2 3 1 3 1 2 1 3 3 3 3 3 1 2 3 3 2 3 1 3 4 3 3 4 4 3 1 3 1 4 1 2 2 0 1 0 1 2 1 2 1 0 1 0 1 2 1 2 2 4 4 4 4 2 1 4 4 4 1 4 1 2 1 2 1 0 1 0 1 2 1 2 2 0 1 0 1 2 1 2 1 4 1 4 4 4 2 2 1 4 4 4 1 4 2 2 2 3 1 3 1 3 2 2 2 3 3 3 3 2 2 3 2 4 4 3 4 2 2 2 3 3 4 4 4 4 4 2 3 3 3 3 3 2 3 3 1 3 1 3 1 2 1 3 1 3 1 3 1 3 3 2 1 4 1 4 1 4 3 2 3 0 1 0 1 2 1 2 2 0 1 0 1 2 1 2 1 4 1 4 1 2 2 2 2 4 1 4 4 2 4 4 2 0 1 0 1 2 1 2 2 0 1 0 1 2 1 2 1 4 4 4 1 2 1 4 1 4 1 4 1 2 4 2 2 3 1 3 1 2 2 2 1 3 3 3 3 3 3 3 1 4 3 3 1 3 1 4 2 4 3 3 3 3 4 3 4 3 3 3 3 2 2 3 2 3 1 3 3 2 1 2 1 3 1 4 4 2 2 2 4 3 1 3 1 4 4 2 3 0 1 0 1 2 2 2 1 0 1 0 1 2 1 2 2 4 1 4 1 4 4 2 2 4 4 4 1 2 4 2 2 0 1 0 1 2 2 2 2 0 1 0 1 2 2 2 2 4 1 4 1 4 1 2 1 4 4 4 1 2 2 2 1 3 1 3 3 3 1 3 3 3 3 3 3 2 3 2 1 4 3 4 3 2 2 4 3 3 1 4 3 2 3 3 4 3 3 3 1 2 2 3 3 3 1 3 3 3 3 2 3 4 3 3 3 4 4 4 4 3 1 4 1 4 4 3 1 0 1 0 1 2 2 2 1 0 1 0 1 2 1 2 1 4 4 4 4 4 4 2 4 4 4 4 1 2 4 4 1 0 1 0 1 2 1 2 2 0 1 0 1 2 1 2 1 4 1 4 4 4 4 2 1 4 4 4 1 2 2 2 1 3 3 3 1 3 2 3 1 3 1 3 3 3 3 3 1 4 1 4 1 2 4 4 1 3 3 3 1 2 1 4 2 3 3 3 3 3 2 2 2 3 3 3 1 2 1 2 2 3 1 3 3 3 3 4 1 4 1 3 1 2 1 4 3 0 1 0 1 2 1 2 2 0 1 0 1 2 1 2 2 4 4 4 1 4 4 2 1 4 4 4 1 4 1 2 1 0 1 0 1 2 1 2 2 0 1 0 1 2 1 2 1 4 1 4 4 4 2 2 2 4 4 4 1 2 4 4 2 3 1 3 3 3 3 3 3 3 3 3 1 2 1 3 2 4 4 3 1 2 2 3 2 4 1 3 3 4 3 3 2 3 1 3 1 2 3 2 1 3 1 3 3 2 2 3 3 4 3 4 4 2 2 2 1 3 4 4 4 4 3 2 3 0 1 0 1 2 2 2 1 0 1 0 1 2 1 2 2 4 4 4 4 4 2 4 2 4 4 4 4 2 4 4 4 0 1 0 1 2 1 2 2 0 1 0 1 2 2 2 2 4 1 4 1 2 1 2 4 4 4 4 4 4 2 2 1 3 1 3 3 2 3 2 3 3 1 3 3 3 1 2 3 4 4 3 1 2 3 4 4 4 3 3 3 4 2 2 1 3 1 3 3 3 2 3 1 3 3 3 1 3 2 2 1 4 1 3 4 4 4 3 2 3 4 4 1 4 2 2 3 0 1 0 1 2 1 2 2 0 1 0 1 2 1 2 1 4 1 4 1 4 1 4 4 4 4 4 1 4 4 2 4 0 1 0 1 2 1 2 1 0 1 0 1 2 2 2 2 4 1 4 4 4 4 2 1 4 4 4 1 4 4 2 4 3 1 3 1 2 2 2 1 3 1 3 1 2 3 3 3 4 3 4 3 2 2 3 3 4 3 4 4 2 2 2 3 3 3 3 3 2 2 2 2 3 3 3 1 3 1 2 1 4 4 3 4 4 2 4 3 3 1 4 1 2 3 2 1 0 1 0 1 2 1 2 2 0 1 0 1 2 1 2 1 4 1 4 1 2 4 4 1 4 1 4 4 2 4 2 2 0 1 0 1 2 1 2 2 0 1 0 1 2 2 2 2 4 1 4 1 4 1 4 4 4 1 4 4 4 1 4 2 3 1 3 3 3 3 2 1 3 1 3 3 3 2 3 1 3 4 4 4 4 4 4 4 4 3 3 4 4 2 2 3 3 1 3 1 2 2 2 3 3 3 3 1 2 1 3 3 3 3 3 1 3 4 4 4 4 3 4 4 4 4 3 1 0 1 0 1 2 2 2 1 0 1 0 1 2 1 2 1 4 4 4 4 4 4 4 2 4 4 4 1 2 4 4 1 0 1 0 1 2 2 2 1 0 1 0 1 2 2 2 2 4 1 4 1 4 2 2 1 4 4 4 1 4 2 4 1 3 1 3 3 2 2 3 1 3 1 3 3 3 3 3 2 3 1 3 1 4 1 4 3 3 1 4 3 3 2 3 2 3 3 3 3 3 3 2 2 3 3 3 1 3 1 3 2 4 4 4 1 2 1 4 1 4 4 3 4 2 3 4 2 0 1 0 1 2 2 2 2 0 1 0 1 2 1 2 1 4 4 4 1 4 4 2 2 4 1 4 1 4 1 2 4 0 1 0 1 2 1 2 2 0 1 0 1 2 2 2 2 4 1 4 4 4 1 2 1 4 4 4 4 2 4 4 2 3 3 3 1 3 1 3 1 3 1 3 1 3 3 3 3 4 3 3 1 3 2 4 2 4 4 3 3 4 2 2 1 3 1 3 1 3 1 2 1 3 1 3 1 3 1 2 1 4 3 3 1 3 2 2 1 4 4 3 4 4 3 4 4 0 1 0 1 2 1 2 1 0 1 0 1 2 2 2 2 4 4 4 1 2 1 4 2 4 1 4 4 2 1 4 4 0 1 0 1 2 2 2 1 0 1 0 1 2 1 2 1 4 4 4 1 4 2 2 4 4 1 4 1 2 2 2 2 3 3 3 1 3 1 3 3 3 3 3 1 3 2 2 3 3 4 3 3 3 4 3 1 4 1 4 3 3 3 2 1 3 1 3 3 2 1 2 3 3 1 3 3 3 3 3 2 3 1 3 1 3 4 4 3 3 1 3 3 2 4 3 1 0 1 0 1 2 1 2 1 0 1 0 1 2 1 2 1 4 1 4 4 4 2 4 4 4 1 4 4 2 1 4 2 0 1 0 1 2 1 2 1 0 1 0 1 2 2 2 2 4 1 4 4 2 2 2 1 4 1 4 1 4 2 4 4 3 1 3 1 2 3 3 2 3 1 3 3 3 3 3 1 3 3 4 4 2 3 2 4 4 3 3 1 2 4 2 4 3 3 3 1 3 2 2 1 3 3 3 3 2 3 2 1 4 1 4 1 4 2 2 3 4 4 4 4 2 1 3 4 
