10 10
10	14	12	524	14	12	14	12	14	6	11	271	14	14	7	10	13	12	2055	3	11	15	15	15	5	11	14	12	5	3	9	13	7	11	12	7	1027	10	14	7	10	12	7	3	10	15	15	13	15	7	9	2054	11	5	1	3	11	14	15	7	10	5	2049	2058	14	7	9	7	11	7	3	266	12	13	7	1	10	15	7	1027	11	13	14	6	11	14	5	9	527	5	9	12	5	9	13	13	12	12	13	4	
10
7 1
6 2
5 1
7 9
6 3
1 8
8 8
3 6
1 1
0 3
10
7 2
0 1
4 9
6 7
6 5
9 2
0 5
5 8
9 5
4 4
5 1
5 1
5 1
0
985
7 7
6 7
6 6
6 6
6 6
5 6
5 6
5 6
4 6
4 5
4 4
4 5
4 6
4 5
3 5
2 5
3 5
3 4
3 4
3 3
2 3
3 3
3 4
3 4
3 3
3 3
3 3
2 3
2 2
2 1
1 1
2 1
2 0
1 0
0 0
0 1
0 2
0 2
0 3
0 3
0 3
0 4
1 4
2 4
2 4
2 4
2 4
1 4
0 4
1 4
2 4
2 3
3 3
4 3
4 3
4 3
4 3
5 3
5 3
5 3
4 3
4 3
5 3
5 3
5 3
5 3
5 3
5 3
5 2
5 3
5 3
5 3
5 3
5 3
5 3
5 3
5 2
6 2
6 2
6 2
6 2
6 2
6 2
6 2
6 2
6 2
6 2
5 2
6 2
6 2
6 2
6 2
6 2
6 2
6 2
6 2
6 2
6 2
5 2
5 3
5 3
5 3
5 3
5 3
4 3
5 3
5 3
5 3
5 3
5 3
5 3
5 3
5 3
5 3
5 3
5 3
5 3
5 3
5 3
5 3
4 3
4 3
5 3
5 3
5 3
5 3
5 3
5 3
5 3
5 3
4 3
4 3
4 3
4 3
5 3
5 3
5 2
6 2
6 2
6 2
6 2
6 2
6 2
6 2
6 2
6 2
6 2
6 2
6 2
6 2
5 2
5 3
5 2
6 2
6 2
6 2
5 2
5 3
5 3
5 3
5 3
5 2
5 3
5 3
5 3
5 3
4 3
5 3
4 3
5 3
5 3
5 3
5 3
5 3
5 3
5 3
5 2
6 2
6 2
6 2
5 2
6 2
6 2
6 2
6 2
6 2
5 2
6 2
6 2
6 2
6 2
6 2
5 2
6 2
6 2
6 2
6 2
6 2
6 2
5 2
5 2
5 3
5 2
5 3
5 3
5 2
4 2
4 2
4 2
5 2
6 2
6 2
6 2
5 2
4 2
4 1
4 2
4 2
5 2
6 2
6 2
6 2
6 2
6 2
6 2
6 2
6 2
6 2
6 2
6 2
6 2
6 2
5 2
6 2
6 2
6 2
6 2
6 2
6 2
6 2
6 2
6 2
5 2
6 2
6 2
6 2
6 2
6 2
5 2
4 2
3 2
4 2
5 2
5 3
4 3
3 3
2 3
2 4
2 3
1 3
1 2
1 3
1 2
2 2
3 2
4 2
4 1
4 1
4 1
4 2
4 2
5 2
5 3
5 3
5 3
4 3
4 3
4 3
5 3
5 3
4 3
4 3
5 3
5 3
5 3
5 3
4 3
4 3
5 3
5 3
5 3
5 2
6 2
6 2
6 2
6 2
6 2
6 2
6 2
6 2
5 2
5 2
6 2
5 2
5 2
6 2
6 2
6 2
6 2
6 2
6 2
5 2
5 2
5 2
5 3
5 3
5 3
4 3
4 3
5 3
5 3
5 2
5 3
5 3
4 3
5 3
5 3
5 3
5 3
5 3
5 2
5 2
5 2
5 3
5 2
4 2
5 2
4 2
4 2
4 2
4 1
4 1
4 0
4 0
5 0
4 0
4 1
4 2
3 2
3 1
3 2
3 1
3 1
3 2
4 2
5 2
6 2
6 2
6 2
6 2
6 2
6 2
6 2
6 2
6 2
6 2
6 2
6 2
6 2
6 2
6 2
6 2
6 2
6 2
5 2
5 3
5 3
5 2
4 2
5 2
5 2
5 3
5 3
5 3
5 2
6 2
6 2
6 2
6 2
6 2
5 2
6 2
6 2
6 2
6 2
6 2
6 2
6 2
6 2
5 2
5 3
5 3
5 3
5 3
5 3
5 3
4 3
5 3
5 3
5 3
5 2
4 2
5 2
5 2
5 2
6 2
6 2
6 2
6 2
5 2
5 3
5 3
4 3
4 3
5 3
4 3
4 3
4 3
4 3
4 3
4 3
4 3
5 3
5 2
4 2
3 2
3 2
4 2
4 2
4 2
5 2
6 2
6 2
6 2
5 2
5 3
5 3
5 3
5 3
5 3
5 3
5 3
4 3
4 3
5 3
5 3
5 3
5 3
5 3
5 3
5 3
5 2
6 2
6 2
6 2
6 2
6 2
6 2
6 2
6 2
6 2
6 2
6 2
6 2
6 2
6 2
6 2
6 2
6 2
5 2
4 2
5 2
6 2
6 2
5 2
6 2
6 2
6 2
6 2
6 2
6 2
6 2
6 2
6 2
6 2
6 2
6 2
6 2
6 2
6 2
6 2
6 2
5 2
5 3
5 3
5 3
5 3
4 3
4 3
4 3
5 3
5 2
5 3
5 3
4 3
4 3
3 3
3 3
4 3
4 3
4 3
5 3
5 3
5 3
4 3
4 3
4 3
3 3
4 3
4 3
4 3
3 3
4 3
5 3
5 3
5 2
5 2
6 2
5 2
4 2
3 2
4 2
4 1
4 1
4 1
4 2
4 2
3 2
4 2
5 2
5 2
6 2
6 2
6 2
6 2
6 2
6 2
5 2
5 3
5 3
5 3
5 3
5 3
5 3
5 3
5 3
5 3
4 3
5 3
5 2
4 2
5 2
6 2
6 2
6 2
6 2
6 2
6 2
6 2
6 2
6 2
6 2
6 2
6 2
6 2
6 2
6 2
5 2
5 3
5 3
5 2
6 2
6 2
6 2
6 2
6 2
6 2
6 2
6 2
6 2
6 2
6 2
6 2
6 2
6 2
6 2
6 2
6 2
6 2
5 2
5 3
5 3
5 3
5 3
5 3
5 3
5 3
5 3
5 3
5 3
5 3
5 3
5 3
4 3
4 3
5 3
5 3
5 3
5 3
5 3
5 3
5 3
5 3
5 3
4 3
5 3
5 3
5 3
5 3
5 3
5 3
5 3
5 3
5 3
5 3
5 3
5 3
5 3
4 3
5 3
5 3
5 3
5 3
5 3
4 3
5 3
5 3
5 3
5 2
5 3
5 2
6 2
6 2
5 2
6 2
6 2
6 2
6 2
6 2
6 2
6 2
5 2
4 2
4 2
4 1
4 0
4 0
4 1
4 1
4 2
5 2
6 2
5 2
5 3
5 3
5 3
5 3
5 3
5 3
5 3
5 3
5 3
5 3
5 3
5 3
5 3
5 2
5 3
5 3
5 3
5 3
5 3
5 3
5 3
4 3
4 3
5 3
5 3
4 3
3 3
4 3
5 3
5 3
5 3
5 3
5 3
5 3
5 3
5 3
5 3
5 3
5 3
5 3
5 3
5 3
5 3
4 3
4 3
4 3
5 3
5 2
5 3
5 3
5 3
5 2
6 2
6 2
5 2
5 2
5 3
5 3
5 3
5 3
5 3
5 3
5 3
5 3
5 3
5 3
5 3
5 3
5 3
5 2
5 3
5 3
5 3
5 3
5 3
5 3
5 2
5 3
4 3
4 3
4 3
5 3
5 3
5 3
4 3
4 3
3 3
4 3
5 3
5 3
5 2
6 2
6 2
6 2
6 2
6 2
6 2
6 2
6 2
5 2
6 2
6 2
6 2
5 2
5 3
5 3
5 3
5 3
5 3
5 3
5 3
5 3
4 3
3 3
3 4
3 3
3 4
3 5
3 5
2 5
2 5
2 6
2 7
2 6
2 5
3 5
4 5
4 6
5 6
5 7
5 7
5 7
6 7
5 7
5 6
6 6
6 6
5 6
4 6
4 7
3 7
4 7
4 6
4 5
3 5
2 5
2 6
2 5
2 6
2 7
2 6
2 5
3 5
3 4
3 3
4 3
5 3
5 3
5 3
5 3
5 3
5 2
6 2
6 2
6 2
6 2
6 2
6 2
6 2
6 2
6 2
5 2
5 3
4 3
5 3
5 2
5 2
5 2
6 2
6 2
6 2
6 2
6 2
6 2
6 2
6 2
6 2
5 2
6 2
6 2
6 2
5 2
5 3
5 2
6 2
5 2
5 2
5 2
5 2
5 2
5 2
5 3
5 3
5 2
4 2
5 2
4 2
3 2
3 1
2 1
3 1
3 1
2 1
2 2
2 1
2 0
3 0
3 0
3 0
3 0
3 0
3 0
3 1
3 0
3 0
2 0
2 1
1 1
0 1
0 0
0 1
0 1
0 1
1 1
2 1
2 2
2 1
2 2
2 1
1 1
0 1
0 0
1 0
0 0
1 0
1 1
2 1
2 0
3 0
3 0
3 0
2 0
2 1
1 1
1 2
1 3
2 3
2 4
2 4
2 3
2 2
3 2
2 2
3 2
4 2
4 2
4 1
4 1
4 1
4 1
4 1
4 0
4 1
4 1
4 1
4 0
4 1
4 1
4 0
5 0
4 0
5 0
5 0
5 0
5 0
5 0
5 0
4 0
4 0
4 1
4 1
4 1
4 1
4 0
4 1
4 0
5 0
4 0
4 0
5 0
5 0
5 1
11
0 1
9 5
9 2
6 7
4 9
6 5
0 5
7 2
4 4
5 8
0 0
985
0 0
0 1
0 0
0 1
0 0
0 1
0 0
0 1
0 0
0 1
0 0
0 1
0 0
0 1
0 0
0 1
0 0
0 1
0 0
0 1
0 0
0 1
0 0
0 1
0 0
0 1
0 0
0 1
0 0
0 1
0 2
0 3
0 4
0 3
0 4
0 5
0 6
0 7
0 8
0 9
1 9
2 9
3 9
4 9
5 9
6 9
7 9
8 9
8 8
8 7
8 8
8 7
8 8
8 7
8 8
8 7
8 8
8 7
8 8
8 7
8 8
8 7
8 8
8 7
8 8
8 7
8 8
8 7
8 8
8 7
8 8
8 7
8 8
8 7
8 8
8 7
8 8
8 7
8 8
8 7
8 8
8 7
8 8
8 7
8 8
8 7
8 8
8 7
8 8
8 7
8 8
8 7
8 8
8 7
8 8
8 7
8 8
8 7
8 8
8 7
8 8
8 7
8 8
8 7
8 8
8 7
8 8
8 7
8 8
8 7
8 8
8 7
8 8
8 7
8 8
8 7
8 8
8 7
8 8
8 7
8 8
8 7
8 8
8 7
8 8
8 7
8 8
8 7
8 8
8 7
8 8
8 7
8 8
8 7
8 8
8 7
8 8
8 7
8 8
8 7
8 8
8 7
8 8
8 7
8 8
8 7
8 8
8 7
8 8
8 7
8 8
8 7
8 8
8 7
8 8
8 7
8 8
8 7
8 8
8 7
8 8
8 7
8 8
8 7
8 8
8 7
8 8
8 7
8 8
8 7
8 8
8 7
8 8
8 7
8 8
8 7
8 8
8 7
8 8
8 7
8 8
8 7
8 8
8 7
8 8
8 7
8 8
8 7
8 8
8 7
8 8
8 7
8 8
8 7
8 8
8 7
8 8
8 7
8 8
8 7
8 8
8 7
8 8
8 7
8 8
8 7
8 8
8 7
8 8
8 7
8 8
8 7
8 8
8 7
8 8
8 7
8 8
8 7
8 8
8 7
8 8
8 7
8 8
8 7
8 8
8 7
8 8
8 7
8 8
8 7
8 8
8 7
8 8
8 7
8 8
8 7
8 8
8 7
8 8
8 7
8 8
8 7
8 8
8 7
8 8
8 7
8 8
8 7
8 8
8 7
8 8
8 7
8 8
8 7
8 8
8 7
8 8
8 7
8 8
8 7
8 8
8 7
8 8
8 7
8 8
8 7
8 8
8 7
8 8
8 7
8 8
8 7
8 8
8 7
8 8
8 7
8 8
8 7
8 8
8 7
8 8
8 7
8 8
8 7
8 8
8 7
8 8
8 7
8 8
8 7
8 8
8 7
8 8
8 7
8 8
8 7
8 8
8 7
8 8
8 7
8 8
8 7
8 8
8 7
8 8
8 7
8 8
8 7
8 8
8 7
8 8
8 7
8 8
8 7
8 8
8 7
8 8
8 7
8 8
8 7
8 8
8 7
8 8
8 7
8 8
8 7
8 8
8 7
8 8
8 7
8 8
8 7
8 8
8 7
8 8
8 7
8 8
8 7
8 8
8 7
8 8
8 7
8 8
8 7
8 8
8 7
8 8
8 7
8 8
8 7
8 8
8 7
8 8
8 7
8 8
8 7
8 8
8 7
8 8
8 7
8 8
8 7
8 8
8 7
8 8
8 7
8 8
8 7
8 8
8 7
8 8
8 7
8 8
8 7
8 8
8 7
8 8
8 7
8 8
8 7
8 8
8 7
8 8
8 7
8 8
8 7
8 8
8 7
8 8
8 7
8 8
8 7
8 8
8 7
8 8
8 7
8 8
8 7
8 8
8 7
8 8
8 7
8 8
8 7
8 8
8 7
8 8
8 7
8 8
8 7
8 8
8 7
8 8
8 7
8 8
8 7
8 8
8 7
8 8
8 7
8 8
8 7
8 8
8 7
8 8
8 7
8 8
8 7
8 8
8 7
8 8
8 7
8 8
8 7
8 8
8 7
8 8
8 7
8 8
8 7
8 8
8 7
8 8
8 7
8 8
8 7
8 8
8 7
8 8
8 7
8 8
8 7
8 8
8 7
8 8
8 7
8 8
8 7
8 8
8 7
8 8
8 7
8 8
8 7
8 8
8 7
8 8
8 7
8 8
8 7
8 8
8 7
8 8
8 7
8 8
8 7
8 8
8 7
8 8
8 7
8 8
8 7
8 8
8 7
8 8
8 7
8 8
8 7
8 8
8 7
8 8
8 7
8 8
8 7
8 8
8 7
8 8
8 7
8 8
8 7
8 8
8 7
8 8
8 7
8 8
8 7
8 8
8 7
8 8
8 7
8 8
8 7
8 8
8 7
8 8
8 7
8 8
8 7
8 8
8 7
8 8
8 7
8 8
8 7
8 8
8 7
8 8
8 7
8 8
8 7
8 8
8 7
8 8
8 7
8 8
8 7
8 8
8 7
8 8
8 7
8 8
8 7
8 8
8 7
8 8
8 7
8 8
8 7
8 8
8 7
8 8
8 7
8 8
8 7
8 8
8 7
8 8
8 7
8 8
8 7
8 8
8 7
8 8
8 7
8 8
8 7
8 8
8 7
8 8
8 7
8 8
8 7
8 8
8 7
8 8
8 7
8 8
8 7
8 8
8 7
8 8
8 7
8 8
8 7
8 8
8 7
8 8
8 7
8 8
8 7
8 8
8 7
8 8
8 7
8 8
8 7
8 8
8 7
8 8
8 7
8 8
8 7
8 8
8 7
8 8
8 7
8 8
8 7
8 8
8 7
8 8
8 7
8 8
8 7
8 8
8 7
8 8
8 7
8 8
8 7
8 8
8 7
8 8
8 7
8 8
8 7
8 8
8 7
8 8
8 7
8 8
8 7
8 8
8 7
8 8
8 7
8 8
8 7
8 8
8 7
8 8
8 7
8 8
8 7
8 8
8 7
8 8
8 7
8 8
8 7
8 8
8 7
8 8
8 7
8 8
8 7
8 8
8 7
8 8
8 7
8 8
8 7
8 8
8 7
8 8
8 7
8 8
8 7
8 8
8 7
8 8
8 7
8 8
8 7
8 8
8 7
8 8
8 7
8 8
8 7
8 8
8 7
8 8
8 7
8 8
8 7
8 8
8 7
8 8
8 7
8 8
8 7
8 8
8 7
8 8
8 7
8 8
8 7
8 8
8 7
8 8
8 7
8 8
8 7
8 8
8 7
8 8
8 7
8 8
8 7
8 8
8 7
8 8
8 7
8 8
8 7
8 8
8 7
8 8
8 7
8 8
8 7
8 8
8 7
8 8
8 7
8 8
8 7
8 8
8 7
8 8
8 7
8 8
8 7
8 8
8 7
8 8
8 7
8 8
8 7
8 8
8 7
8 8
8 7
8 8
8 7
8 8
8 7
8 8
8 7
8 8
8 7
8 8
8 7
8 8
8 7
8 8
8 7
8 8
8 7
8 8
8 7
8 8
8 7
8 8
8 7
8 8
8 7
8 8
8 7
8 8
8 7
8 8
8 7
8 8
8 7
8 8
8 7
8 8
8 7
8 8
8 7
8 8
8 7
8 8
8 7
8 8
8 7
8 8
8 7
8 8
8 7
8 8
8 7
8 8
8 7
8 8
8 7
8 8
8 7
8 8
8 7
8 8
8 7
8 8
8 7
7 7
7 6
7 7
7 6
7 7
7 6
8 6
8 5
8 6
8 5
8 6
8 5
8 6
7 6
8 6
7 6
8 6
8 5
8 6
8 5
8 6
8 5
9 5
9 4
9 3
8 3
9 3
8 3
9 3
8 3
9 3
8 3
8 2
8 3
8 2
8 3
8 2
8 3
8 2
9 2
8 2
9 2
8 2
9 2
8 2
9 2
8 2
9 2
8 2
9 2
9 1
9 0
8 0
7 0
6 0
7 0
6 0
6 1
5 1
6 1
5 1
6 1
5 1
6 1
5 1
6 1
5 1
6 1
5 1
6 1
5 1
6 1
5 1
6 1
5 1
6 1
5 1
6 1
5 1
6 1
5 1
6 1
5 1
6 1
5 1
6 1
6 0
7 0
6 0
7 0
6 0
7 0
6 0
6 1
5 1
6 1
5 1
6 1
5 1
6 1
6 0
6 1
5 1
6 1
6 0
7 0
6 0
6 1
6 0
7 0
6 0
7 0
6 0
7 0
6 0
7 0
6 0
7 0
6 0
6 1
5 1
6 1
5 1
6 1
6 0
6 1
5 1
6 1
5 1
6 1
6 0
7 0
6 0
7 0
6 0
7 0
6 0
7 0
6 0
7 0
6 0
7 0
6 0
7 0
6 0
7 0
6 0
7 0
6 0
6 1
6 0
7 0
6 0
6 1
6 0
7 0
8 0
9 0
8 0
9 0
8 0
9 0
8 0
9 0
8 0
9 0
8 0
7 0
6 0
7 0
6 0
6 1
6 0
6 1
5 1
6 1
5 1
6 1
5 1
0 1 0 1 2 1 2 1 0 1 0 1 2 2 2 2 4 4 4 4 4 1 2 2 4 4 4 1 4 2 2 2 0 1 0 1 2 2 2 1 0 1 0 1 2 2 2 2 4 1 4 4 4 4 4 2 4 4 4 4 4 2 4 4 3 3 3 1 3 3 3 2 3 1 3 3 3 3 3 1 4 4 3 1 4 1 2 3 4 3 4 3 2 1 4 2 3 3 3 3 2 1 3 3 3 3 3 1 3 3 2 1 4 1 4 3 2 1 3 1 3 4 3 3 2 4 4 2 0 1 0 1 2 1 2 1 0 1 0 1 2 1 2 1 4 1 4 1 2 1 4 2 4 1 4 1 2 2 2 1 0 1 0 1 2 1 2 1 0 1 0 1 2 1 2 1 4 4 4 4 4 1 4 2 4 1 4 1 4 1 2 4 3 3 3 3 3 3 2 3 3 1 3 3 2 3 3 2 3 1 4 1 4 3 2 2 4 3 4 3 4 4 3 2 3 1 3 3 2 3 2 1 3 1 3 1 2 1 3 3 4 1 3 1 2 3 3 1 3 3 3 3 3 4 3 3 0 1 0 1 2 2 2 2 0 1 0 1 2 1 2 2 4 1 4 4 4 2 4 4 4 4 4 1 2 4 2 4 0 1 0 1 2 1 2 1 0 1 0 1 2 2 2 1 4 4 4 1 4 2 4 4 4 4 4 1 2 4 2 1 3 1 3 3 3 1 3 1 3 1 3 3 3 3 3 2 3 3 4 3 4 2 3 3 4 4 3 4 4 2 2 4 3 1 3 3 3 2 2 1 3 3 3 3 3 3 3 1 4 3 4 3 4 2 3 3 4 3 4 3 2 3 4 4 0 1 0 1 2 1 2 1 0 1 0 1 2 1 2 1 4 4 4 4 4 1 4 1 4 4 4 4 4 1 2 1 0 1 0 1 2 2 2 1 0 1 0 1 2 1 2 2 4 1 4 4 2 2 2 1 4 4 4 1 4 4 4 2 3 3 3 1 2 2 2 2 3 3 3 1 3 2 2 1 3 1 4 4 4 1 3 1 4 1 4 3 3 3 2 3 3 3 3 1 3 1 2 3 3 1 3 3 3 2 2 3 4 4 3 3 3 2 2 3 4 1 4 4 2 2 3 4 0 1 0 1 2 1 2 2 0 1 0 1 2 1 2 2 4 1 4 4 4 2 2 2 4 4 4 4 2 2 2 2 0 1 0 1 2 1 2 1 0 1 0 1 2 1 2 2 4 4 4 1 4 4 4 2 4 1 4 1 4 1 4 4 3 1 3 3 3 3 2 1 3 1 3 3 3 1 2 1 3 1 4 3 3 2 4 1 3 4 4 1 4 1 2 1 3 3 3 3 3 2 3 1 3 3 3 3 2 2 3 1 3 4 4 4 3 3 2 4 3 4 3 3 4 1 3 1 0 1 0 1 2 2 2 2 0 1 0 1 2 2 2 1 4 1 4 1 4 2 4 2 4 4 4 1 4 2 2 2 0 1 0 1 2 2 2 1 0 1 0 1 2 2 2 2 4 4 4 4 4 2 4 4 4 4 4 4 2 4 4 2 3 3 3 3 3 1 2 2 3 1 3 3 2 1 2 3 3 3 4 3 4 3 2 4 4 3 3 3 4 1 4 4 3 3 3 3 2 2 3 3 3 3 3 3 2 2 3 2 4 1 4 3 2 2 3 2 3 3 4 4 4 3 4 1 0 1 0 1 2 2 2 2 0 1 0 1 2 1 2 1 4 4 4 1 4 2 2 2 4 4 4 1 2 1 4 2 0 1 0 1 2 1 2 2 0 1 0 1 2 2 2 1 4 4 4 4 2 2 4 1 4 1 4 1 4 1 2 1 3 3 3 3 3 3 3 3 3 3 3 3 2 3 3 2 3 1 3 1 4 1 2 4 4 1 4 1 4 4 2 1 3 1 3 3 2 3 2 3 3 1 3 1 2 1 2 2 4 1 4 3 3 2 4 4 4 4 4 4 4 2 3 4 0 1 0 1 2 2 2 1 0 1 0 1 2 1 2 1 4 4 4 1 2 4 4 1 4 4 4 4 2 1 4 2 0 1 0 1 2 2 2 2 0 1 0 1 2 2 2 2 4 1 4 4 4 2 4 2 4 4 4 1 2 4 4 2 3 1 3 3 2 2 2 3 3 3 3 3 2 1 2 2 3 4 3 4 2 1 3 4 3 4 4 4 4 3 3 4 3 1 3 3 3 1 2 3 3 3 3 3 2 2 3 2 3 4 3 4 4 1 2 1 4 4 4 3 3 4 2 1 0 1 0 1 2 2 2 1 0 1 0 1 2 1 2 2 4 1 4 1 2 1 4 2 4 1 4 1 4 2 4 4 0 1 0 1 2 2 2 2 0 1 0 1 2 2 2 2 4 4 4 1 4 2 2 1 4 4 4 4 4 1 4 1 3 3 3 3 2 3 3 3 3 1 3 3 3 1 2 1 4 3 4 1 2 1 4 1 4 1 3 3 2 2 2 1 3 1 3 1 2 2 2 3 3 3 3 1 2 1 3 3 3 1 3 4 4 3 4 1 3 3 3 3 2 1 2 4 0 1 0 1 2 1 2 1 0 1 0 1 2 2 2 1 4 1 4 1 2 2 4 2 4 1 4 4 4 2 4 2 0 1 0 1 2 2 2 2 0 1 0 1 2 1 2 1 4 1 4 1 4 4 2 1 4 4 4 1 2 4 4 2 3 1 3 1 2 1 3 2 3 3 3 1 2 3 2 1 3 3 4 4 2 3 4 4 4 3 4 3 3 3 4 2 3 3 3 1 3 3 2 2 3 3 3 1 2 3 2 1 4 3 3 3 3 4 4 4 4 3 3 4 3 2 3 4 0 1 0 1 2 2 2 1 0 1 0 1 2 1 2 1 4 1 4 1 4 4 2 1 4 1 4 1 2 4 4 2 0 1 0 1 2 1 2 1 0 1 0 1 2 1 2 2 4 1 4 4 4 2 4 2 4 4 4 1 4 1 4 4 3 1 3 3 2 3 3 3 3 1 3 1 3 1 2 1 4 1 3 4 3 4 2 3 3 1 4 3 4 2 4 2 3 3 3 1 2 1 2 3 3 1 3 1 2 1 2 1 4 4 4 4 3 1 2 4 4 3 4 3 3 2 3 1 0 1 0 1 2 2 2 1 0 1 0 1 2 2 2 1 4 1 4 1 2 4 2 4 4 1 4 4 4 4 4 4 0 1 0 1 2 1 2 1 0 1 0 1 2 1 2 2 4 1 4 1 4 1 2 4 4 4 4 1 4 2 4 4 3 1 3 3 2 3 3 1 3 3 3 3 3 3 2 2 3 3 3 1 4 1 3 3 3 1 4 3 4 2 4 3 3 3 3 1 3 2 2 3 3 1 3 1 3 1 2 1 4 1 3 4 2 2 4 1 3 4 4 1 2 3 4 2 0 1 0 1 2 2 2 1 0 1 0 1 2 1 2 1 4 4 4 1 2 2 2 1 4 1 4 1 2 1 2 4 0 1 0 1 2 1 2 2 0 1 0 1 2 2 2 1 4 4 4 4 2 2 4 2 4 4 4 4 2 4 4 2 3 3 3 1 2 2 2 1 3 1 3 3 3 2 3 2 3 1 3 3 3 1 4 2 4 1 4 4 2 1 2 3 3 3 3 1 3 3 3 2 3 1 3 3 3 2 2 3 3 4 4 3 3 4 2 4 4 3 4 1 4 4 2 3 0 1 0 1 2 1 2 1 0 1 0 1 2 1 2 2 4 4 4 1 2 2 2 1 4 4 4 1 2 1 4 2 0 1 0 1 2 1 2 1 0 1 0 1 2 1 2 1 4 1 4 4 4 1 2 1 4 1 4 1 4 2 2 2 3 1 3 1 2 1 2 1 3 3 3 1 3 3 2 3 3 3 3 4 3 3 3 2 3 4 3 4 4 2 2 3 3 3 3 3 2 3 2 3 3 1 3 1 3 2 2 1 3 3 4 4 3 3 3 2 3 4 3 4 4 3 2 4 0 1 0 1 2 2 2 2 0 1 0 1 2 1 2 1 4 1 4 4 2 2 2 4 4 1 4 4 4 1 2 2 0 1 0 1 2 2 2 2 0 1 0 1 2 2 2 1 4 4 4 1 4 4 4 2 4 1 4 1 2 2 4 4 3 3 3 3 3 1 2 2 3 1 3 1 2 1 3 2 3 1 4 4 3 2 3 3 3 1 3 4 4 1 2 2 3 1 3 1 2 3 2 2 3 1 3 1 2 1 2 1 3 1 3 1 2 4 2 3 3 4 3 3 2 2 3 2 0 1 0 1 2 2 2 1 0 1 0 1 2 1 2 2 4 4 4 1 4 4 4 1 4 4 4 4 2 2 2 4 0 1 0 1 2 1 2 1 0 1 0 1 2 1 2 2 4 4 4 1 2 2 2 2 4 4 4 4 2 1 2 1 3 1 3 3 2 3 3 1 3 3 3 1 3 1 3 2 4 1 3 4 4 1 2 3 3 1 4 3 4 4 3 2 3 1 3 1 2 2 3 2 3 1 3 1 2 1 3 2 3 3 3 3 4 1 2 1 3 1 4 4 3 2 3 4 0 1 0 1 2 1 2 1 0 1 0 1 2 2 2 1 4 1 4 4 4 4 2 2 4 4 4 1 4 1 4 2 0 1 0 1 2 1 2 2 0 1 0 1 2 1 2 1 4 1 4 1 2 1 4 4 4 1 4 1 4 4 2 2 3 3 3 3 2 1 2 2 3 1 3 1 2 1 2 1 4 3 4 3 4 3 2 3 3 1 3 3 3 2 4 1 3 3 3 3 2 3 3 3 3 1 3 3 2 2 2 2 3 4 4 3 3 4 3 2 4 4 4 1 4 3 2 3 0 1 0 1 2 2 2 2 0 1 0 1 2 2 2 2 4 1 4 4 2 4 4 4 4 1 4 1 2 2 2 1 0 1 0 1 2 2 2 2 0 1 0 1 2 1 2 1 4 1 4 4 2 1 4 4 4 1 4 4 2 2 2 1 3 1 3 1 2 3 3 3 3 1 3 1 2 1 2 1 4 4 3 1 4 4 2 4 4 1 3 1 4 2 3 4 3 1 3 3 2 2 3 2 3 3 3 1 2 1 2 2 3 1 3 3 2 1 4 1 4 4 3 1 4 4 4 2 0 1 0 1 2 1 2 1 0 1 0 1 2 1 2 2 4 1 4 4 4 1 4 2 4 1 4 4 2 4 2 2 0 1 0 1 2 2 2 2 0 1 0 1 2 1 2 1 4 1 4 1 2 1 4 1 4 1 4 1 2 4 4 4 3 3 3 3 2 2 2 2 3 1 3 1 2 2 3 3 3 4 3 1 3 4 4 1 4 1 4 3 4 3 3 3 3 3 3 1 2 3 2 1 3 1 3 1 3 3 3 2 4 4 3 1 3 2 2 1 4 4 3 4 4 3 2 4 0 1 0 1 2 1 2 1 0 1 0 1 2 1 2 1 4 1 4 4 2 2 2 2 4 4 4 4 2 1 4 1 0 1 0 1 2 2 2 1 0 1 0 1 2 1 2 1 4 4 4 4 4 4 2 1 4 1 4 1 4 1 2 1 3 3 3 3 3 1 2 1 3 1 3 3 2 1 3 2 4 1 3 3 3 2 3 3 3 4 3 4 3 3 3 3 3 1 3 3 3 2 2 2 3 3 3 3 2 3 2 2 3 4 4 3 4 4 4 4 3 4 3 3 3 1 3 2 0 1 0 1 2 1 2 2 0 1 0 1 2 1 2 1 4 1 4 1 4 4 4 2 4 1 4 1 4 2 2 4 0 1 0 1 2 2 2 2 0 1 0 1 2 2 2 1 4 1 4 4 2 4 4 2 4 1 4 4 4 2 4 2 3 3 3 3 2 3 3 3 3 3 3 3 2 1 2 2 3 3 4 1 3 1 2 3 4 1 4 4 3 3 2 2 3 1 3 1 2 3 2 3 3 1 3 1 3 2 2 3 3 4 4 4 2 3 2 3 4 1 4 4 3 1 2 4 0 1 0 1 2 2 2 2 0 1 0 1 2 1 2 2 4 1 4 1 4 1 2 4 4 1 4 1 4 4 2 4 0 1 0 1 2 1 2 1 0 1 0 1 2 2 2 2 4 1 4 4 4 2 4 2 4 4 4 4 2 4 4 1 3 1 3 1 3 2 3 2 3 1 3 1 2 3 3 2 4 3 3 1 2 4 4 2 3 3 4 1 4 1 2 3 3 1 3 3 2 3 3 1 3 1 3 3 2 2 3 3 3 1 3 1 3 4 4 4 4 3 3 4 2 1 3 4 0 1 0 1 2 1 2 2 0 1 0 1 2 1 2 2 4 1 4 4 2 2 4 2 4 4 4 4 4 1 2 4 0 1 0 1 2 2 2 2 0 1 0 1 2 1 2 1 4 1 4 1 2 2 2 1 4 4 4 1 2 2 4 2 3 3 3 3 3 2 2 2 3 1 3 1 2 3 2 2 4 1 3 3 3 2 4 4 4 1 4 3 2 2 4 1 3 3 3 3 3 2 2 1 3 3 3 1 3 3 2 1 4 4 4 3 3 3 3 3 4 1 4 1 3 4 2 3 0 1 0 1 2 1 2 2 0 1 0 1 2 2 2 2 4 4 4 1 2 1 2 2 4 4 4 4 4 2 2 1 0 1 0 1 2 1 2 2 0 1 0 1 2 2 2 1 4 4 4 4 2 1 4 2 4 4 4 4 2 4 2 1 3 3 3 1 2 2 2 2 3 3 3 3 2 1 2 2 3 4 4 4 3 2 2 3 3 1 4 1 2 4 4 2 3 1 3 1 2 3 2 1 3 3 3 3 3 1 3 2 4 4 3 1 2 1 2 1 3 4 3 4 4 3 3 3 0 1 0 1 2 2 2 2 0 1 0 1 2 2 2 1 4 1 4 1 4 2 2 1 4 4 4 4 2 2 4 2 0 1 0 1 2 1 2 2 0 1 0 1 2 1 2 1 4 1 4 4 2 4 4 2 4 4 4 4 2 2 2 4 3 1 3 3 2 2 2 3 3 1 3 1 2 3 2 1 4 1 3 3 2 1 4 3 3 1 4 4 2 2 2 4 3 1 3 3 2 2 3 1 3 1 3 1 2 2 2 3 4 1 4 1 3 3 4 1 3 3 3 3 4 4 3 3 0 1 0 1 2 2 2 2 0 1 0 1 2 1 2 2 4 1 4 4 2 1 2 2 4 1 4 1 4 4 4 2 0 1 0 1 2 2 2 2 0 1 0 1 2 1 2 1 4 4 4 4 4 1 2 4 4 1 4 4 2 2 4 2 3 1 3 1 3 3 3 3 3 1 3 3 2 3 3 3 4 3 3 4 2 3 4 1 3 1 4 4 4 2 2 1 3 3 3 3 3 2 2 1 3 1 3 1 2 3 2 3 4 3 4 3 2 1 3 3 4 4 4 1 4 4 4 4 0 1 0 1 2 1 2 2 0 1 0 1 2 2 2 2 4 1 4 1 4 1 2 4 4 4 4 4 4 4 4 2 0 1 0 1 2 1 2 1 0 1 0 1 2 1 2 2 4 4 4 1 4 2 2 1 4 4 4 4 2 2 2 4 3 3 3 3 2 1 3 1 3 3 3 1 3 3 3 2 3 3 4 4 4 2 3 3 4 3 3 1 2 2 2 2 3 1 3 3 3 1 3 2 3 3 3 3 2 1 3 3 4 4 4 4 4 4 2 2 3 1 3 4 3 3 4 2 0 1 0 1 2 1 2 1 0 1 0 1 2 2 2 1 4 1 4 4 2 1 4 4 4 4 4 4 2 4 2 2 0 1 0 1 2 2 2 2 0 1 0 1 2 1 2 1 4 4 4 1 4 1 4 2 4 4 4 1 2 4 4 2 3 3 3 1 3 2 3 2 3 3 3 1 2 3 2 3 4 1 4 4 4 2 4 2 4 3 3 1 4 4 4 3 3 1 3 3 2 1 3 1 3 1 3 1 3 3 2 2 4 4 3 4 4 1 3 1 3 3 3 3 3 3 4 1 0 1 0 1 2 2 2 2 0 1 0 1 2 1 2 2 4 4 4 4 4 4 4 1 4 1 4 1 2 4 2 1 0 1 0 1 2 1 2 2 0 1 0 1 2 2 2 1 4 4 4 4 2 4 2 4 4 1 4 1 2 1 2 4 3 1 3 3 3 2 3 3 3 1 3 1 2 1 2 1 4 4 3 1 2 2 3 3 3 1 3 1 4 2 3 2 3 3 3 3 2 3 2 3 3 3 3 1 2 2 2 2 4 4 3 1 4 3 3 4 3 3 4 4 2 2 4 2 0 1 0 1 2 1 2 1 0 1 0 1 2 2 2 1 4 1 4 4 4 2 2 2 4 1 4 1 4 1 2 1 0 1 0 1 2 1 2 2 0 1 0 1 2 2 2 2 4 4 4 1 4 1 4 4 4 4 4 1 4 2 2 1 3 1 3 3 3 1 3 1 3 1 3 1 3 1 3 3 3 1 4 4 4 2 2 4 3 4 4 4 3 1 3 2 3 3 3 1 2 2 2 1 3 3 3 3 3 3 3 2 3 4 4 3 3 4 2 4 3 1 4 1 2 1 3 3 0 1 0 1 2 2 2 2 0 1 0 1 2 1 2 2 4 4 4 4 4 4 2 1 4 4 4 4 4 2 4 1 0 1 0 1 2 2 2 2 0 1 0 1 2 1 2 2 4 1 4 4 4 1 2 2 4 1 4 4 2 1 2 2 3 3 3 3 3 3 3 1 3 3 3 1 3 2 3 1 3 3 3 1 3 2 3 2 4 3 4 4 3 4 3 2 3 3 3 1 2 1 2 1 3 1 3 3 3 1 2 2 4 3 4 3 3 3 3 2 3 3 3 1 4 1 3 4 0 1 0 1 2 2 2 2 0 1 0 1 2 1 2 1 4 4 4 1 4 2 2 2 4 4 4 1 4 4 2 4 0 1 0 1 2 1 2 1 0 1 0 1 2 2 2 1 4 1 4 4 4 4 4 2 4 4 4 4 2 2 4 4 3 1 3 1 2 2 2 3 3 3 3 1 2 1 2 2 4 4 4 4 3 3 2 1 4 4 3 1 2 4 3 4 3 3 3 1 3 2 3 2 3 1 3 1 3 1 3 2 3 3 3 3 2 4 3 4 3 4 3 3 2 1 3 3 0 1 0 1 2 1 2 2 0 1 0 1 2 2 2 1 4 1 4 1 2 1 2 1 4 4 4 1 2 1 2 4 0 1 0 1 2 1 2 1 0 1 0 1 2 2 2 2 4 1 4 4 4 2 2 1 4 1 4 1 4 2 4 4 3 3 3 3 2 1 3 2 3 3 3 3 3 1 2 2 4 3 3 3 3 2 3 1 3 4 4 1 2 3 4 1 3 1 3 3 3 3 2 1 3 1 3 3 2 3 3 1 3 1 3 3 4 2 3 1 3 1 4 3 3 1 3 2 0 1 0 1 2 1 2 1 0 1 0 1 2 2 2 2 4 1 4 4 2 1 4 2 4 1 4 4 4 4 2 1 0 1 0 1 2 2 2 1 0 1 0 1 2 2 2 1 4 1 4 1 4 2 4 1 4 4 4 4 4 4 2 1 3 1 3 3 3 1 2 1 3 1 3 3 2 1 3 3 3 4 3 1 2 3 3 4 4 3 4 4 3 1 3 1 3 1 3 1 2 1 3 2 3 3 3 1 2 2 3 3 4 3 4 4 3 4 2 2 3 4 4 3 2 3 4 2 0 1 0 1 2 1 2 2 0 1 0 1 2 1 2 2 4 1 4 1 4 1 4 4 4 4 4 4 2 4 2 2 0 1 0 1 2 1 2 2 0 1 0 1 2 1 2 1 4 1 4 1 2 1 2 4 4 1 4 1 4 1 4 2 3 1 3 1 3 1 2 2 3 3 3 1 3 2 3 3 4 4 3 3 3 3 3 2 3 3 3 1 3 4 2 3 3 1 3 1 3 3 3 1 3 3 3 1 3 3 3 2 4 3 3 1 3 3 4 3 4 4 3 1 2 3 4 1 0 1 0 1 2 2 2 2 0 1 0 1 2 2 2 2 4 4 4 4 4 4 2 2 4 1 4 1 4 2 2 4 0 1 0 1 2 1 2 1 0 1 0 1 2 1 2 2 4 1 4 1 4 4 4 1 4 4 4 4 4 4 4 1 3 3 3 3 3 2 3 2 3 1 3 3 2 3 3 2 4 3 4 1 3 4 4 2 3 4 4 1 2 2 2 3 3 1 3 1 2 1 3 1 3 3 3 3 2 3 3 1 4 3 4 3 3 2 4 3 3 4 4 4 4 2 3 2 0 1 0 1 2 1 2 2 0 1 0 1 2 2 2 1 4 4 4 1 4 2 4 1 4 1 4 1 4 4 4 4 0 1 0 1 2 2 2 2 0 1 0 1 2 2 2 1 4 1 4 1 4 4 4 2 4 1 4 4 2 4 4 1 3 3 3 3 3 3 2 3 3 3 3 3 2 1 3 2 3 1 3 4 3 1 2 2 4 1 3 4 2 1 4 3 3 3 3 1 3 3 2 1 3 1 3 3 2 3 3 2 3 3 4 1 3 1 2 3 3 3 4 4 2 4 4 4 0 1 0 1 2 2 2 2 0 1 0 1 2 2 2 1 4 1 4 1 2 4 2 4 4 4 4 1 2 1 2 1 0 1 0 1 2 1 2 1 0 1 0 1 2 1 2 1 4 4 4 1 4 4 2 1 4 1 4 4 4 2 2 1 3 1 3 3 2 2 2 1 3 1 3 1 2 1 2 1 3 4 3 3 4 2 2 3 3 4 3 1 3 3 4 1 3 3 3 3 3 2 3 2 3 1 3 3 2 2 3 3 3 1 4 3 3 2 2 3 3 4 4 4 4 2 3 2 0 1 0 1 2 2 2 1 0 1 0 1 2 1 2 1 4 4 4 1 2 1 4 2 4 4 4 4 4 2 4 1 0 1 0 1 2 2 2 1 0 1 0 1 2 1 2 1 4 4 4 1 2 1 2 2 4 4 4 4 2 4 2 1 3 3 3 3 3 1 2 1 3 1 3 1 2 2 2 3 4 3 3 4 3 3 3 2 4 4 4 3 2 1 2 4 3 3 3 3 3 2 2 1 3 3 3 3 3 1 3 3 3 3 4 1 4 1 3 4 4 4 3 1 2 1 4 3 0 1 0 1 2 1 2 2 0 1 0 1 2 1 2 2 4 4 4 4 2 1 2 2 4 1 4 4 2 4 4 2 0 1 0 1 2 2 2 1 0 1 0 1 2 2 2 2 4 1 4 1 4 4 4 2 4 4 4 4 4 2 2 4 3 1 3 1 3 2 3 1 3 1 3 1 3 3 3 1 4 4 4 4 4 1 4 1 3 4 3 4 3 2 2 1 3 1 3 3 3 3 3 3 3 3 3 3 3 3 3 1 4 1 3 3 2 4 3 3 4 4 4 4 2 4 3 1 0 1 0 1 2 2 2 1 0 1 0 1 2 2 2 2 4 1 4 4 4 4 4 1 4 1 4 1 4 1 4 4 0 1 0 1 2 2 2 1 0 1 0 1 2 1 2 2 4 1 4 1 2 1 4 2 4 4 4 4 4 2 2 2 3 3 3 3 2 2 2 1 3 1 3 3 2 3 2 2 3 4 4 4 4 1 4 1 3 3 3 1 3 2 4 1 3 3 3 3 3 2 3 3 3 3 3 1 3 1 2 3 3 4 4 1 4 2 3 1 4 1 4 3 4 1 3 3 0 1 0 1 2 2 2 1 0 1 0 1 2 2 2 1 4 4 4 1 2 2 4 2 4 4 4 1 2 4 4 1 0 1 0 1 2 2 2 2 0 1 0 1 2 1 2 1 4 4 4 1 2 2 2 4 4 1 4 4 4 4 4 1 3 1 3 1 2 2 2 1 3 3 3 3 3 3 2 1 3 3 3 1 4 1 3 1 4 1 3 3 3 1 3 2 3 3 3 3 3 1 2 1 3 1 3 1 2 3 3 1 4 1 4 4 4 3 2 1 3 4 3 3 2 2 2 2 0 1 0 1 2 1 2 2 0 1 0 1 2 1 2 2 4 1 4 4 4 1 2 2 4 4 4 1 4 2 4 1 0 1 0 1 2 1 2 1 0 1 0 1 2 2 2 2 4 4 4 4 4 2 4 1 4 4 4 4 4 4 2 1 3 3 3 1 3 3 2 1 3 1 3 1 2 3 2 1 4 3 3 1 2 1 4 4 4 1 4 4 3 1 3 1 3 1 3 1 2 2 2 1 3 1 3 3 2 3 3 2 4 1 4 1 4 2 4 2 3 4 4 3 2 1 4 1 0 1 0 1 2 1 2 2 0 1 0 1 2 2 2 1 4 1 4 1 4 4 4 1 4 1 4 4 4 2 4 4 0 1 0 1 2 1 2 2 0 1 0 1 2 2 2 2 4 4 4 4 4 2 4 4 4 1 4 1 2 1 2 1 3 3 3 3 3 1 2 3 3 1 3 1 3 1 3 1 4 3 3 4 3 1 4 4 3 4 3 4 2 3 3 3 3 1 3 3 2 2 2 3 3 3 3 1 2 1 2 3 4 3 3 4 2 1 3 3 3 1 4 4 3 3 4 3 0 1 0 1 2 1 2 2 0 1 0 1 2 2 2 1 4 4 4 4 4 2 2 1 4 4 4 4 4 2 2 4 0 1 0 1 2 1 2 1 0 1 0 1 2 2 2 1 4 4 4 4 2 2 2 4 4 1 4 1 4 1 4 4 3 1 3 3 3 3 3 2 3 3 3 1 2 1 3 1 3 3 3 4 4 1 2 4 4 4 3 4 3 4 4 2 3 3 3 3 3 3 2 1 3 3 3 3 3 2 2 1 3 4 3 1 4 4 4 1 4 4 4 1 4 4 2 2 0 1 0 1 2 1 2 2 0 1 0 1 2 1 2 2 4 4 4 1 2 1 2 4 4 4 4 1 4 4 4 1 0 1 0 1 2 1 2 2 0 1 0 1 2 1 2 1 4 1 4 4 4 4 4 4 4 1 4 1 4 2 2 1 3 1 3 1 2 3 2 2 3 1 3 1 3 2 2 3 3 1 3 4 2 1 4 3 4 1 3 4 2 3 4 1 3 1 3 3 2 2 2 1 3 3 3 1 2 2 3 3 4 1 4 3 3 4 2 3 4 3 3 4 2 1 3 4 0 1 0 1 2 1 2 1 0 1 0 1 2 2 2 1 4 4 4 1 4 1 4 1 4 1 4 4 4 2 2 2 0 1 0 1 2 1 2 2 0 1 0 1 2 2 2 2 4 4 4 1 2 4 2 1 4 4 4 1 4 1 4 4 3 3 3 3 3 3 2 1 3 3 3 3 2 3 2 1 3 3 4 4 4 4 4 3 4 1 4 1 4 2 2 1 3 1 3 1 2 1 2 3 3 3 3 1 3 3 3 1 4 1 3 1 2 4 3 1 4 4 3 3 4 4 4 1 0 1 0 1 2 1 2 1 0 1 0 1 2 2 2 1 4 4 4 1 4 1 2 1 4 1 4 4 4 4 4 1 0 1 0 1 2 1 2 1 0 1 0 1 2 2 2 1 4 1 4 4 4 2 2 1 4 1 4 1 2 4 4 1 3 1 3 3 2 1 2 3 3 3 3 1 2 2 3 3 3 4 3 4 3 3 3 4 3 4 4 1 4 2 2 4 3 1 3 1 3 2 3 1 3 3 3 3 2 1 3 3 4 3 3 3 3 1 4 1 3 3 4 1 3 4 2 4 0 1 0 1 2 1 2 1 0 1 0 1 2 2 2 2 4 4 4 1 4 4 2 4 4 1 4 1 4 2 4 1 0 1 0 1 2 1 2 2 0 1 0 1 2 1 2 1 4 1 4 4 4 2 4 1 4 4 4 4 4 4 4 1 3 3 3 3 2 2 2 3 3 3 3 1 3 2 3 2 3 1 4 4 3 2 4 1 4 3 3 1 4 3 4 3 3 3 3 1 3 1 2 2 3 3 3 3 2 2 2 2 4 1 4 3 2 1 2 2 4 1 4 1 4 3 2 1 0 1 0 1 2 2 2 1 0 1 0 1 2 1 2 2 4 4 4 1 4 1 4 2 4 1 4 4 4 2 2 1 0 1 0 1 2 2 2 2 0 1 0 1 2 1 2 2 4 1 4 1 4 2 2 1 4 4 4 4 4 2 2 4 3 3 3 1 3 2 3 2 3 1 3 3 3 3 3 2 3 1 3 4 4 2 3 3 4 4 4 4 2 2 2 3 3 3 3 3 3 1 2 2 3 1 3 1 3 3 3 3 3 1 3 4 2 1 3 2 3 4 3 1 4 1 4 1 0 1 0 1 2 2 2 1 0 1 0 1 2 1 2 1 4 1 4 4 4 1 4 1 4 1 4 4 4 2 4 1 0 1 0 1 2 2 2 1 0 1 0 1 2 1 2 2 4 4 4 4 4 4 2 4 4 4 4 4 4 1 2 1 3 3 3 1 3 2 3 3 3 1 3 1 2 3 3 1 4 1 4 3 4 2 4 2 4 1 4 1 4 4 2 3 3 1 3 3 3 1 3 1 3 1 3 3 3 3 3 2 4 3 4 1 2 3 3 3 4 1 3 3 4 1 2 2 0 1 0 1 2 2 2 2 0 1 0 1 2 2 2 1 4 4 4 1 4 4 2 4 4 4 4 4 2 1 4 1 0 1 0 1 2 2 2 1 0 1 0 1 2 1 2 2 4 4 4 4 4 4 2 2 4 1 4 1 2 1 4 2 3 3 3 3 2 1 2 2 3 3 3 3 3 3 2 1 4 4 4 3 2 1 2 1 4 3 4 3 2 3 3 4 3 3 3 1 3 3 2 1 3 1 3 3 3 2 3 2 3 1 3 4 3 2 2 4 4 4 4 3 2 2 3 4 0 1 0 1 2 1 2 2 0 1 0 1 2 2 2 2 4 4 4 1 2 2 2 2 4 4 4 1 4 2 4 2 0 1 0 1 2 2 2 2 0 1 0 1 2 2 2 1 4 1 4 4 4 2 4 2 4 4 4 1 2 1 2 4 3 3 3 1 2 2 3 3 3 3 3 3 2 3 3 3 3 4 4 3 2 3 2 3 4 1 4 4 4 1 2 3 3 1 3 1 2 3 3 1 3 3 3 3 2 2 2 3 4 4 3 1 2 1 4 3 3 4 4 3 2 2 3 2 0 1 0 1 2 1 2 2 0 1 0 1 2 1 2 2 4 1 4 4 2 4 4 4 4 1 4 4 4 2 4 1 0 1 0 1 2 2 2 2 0 1 0 1 2 2 2 2 4 4 4 1 4 2 2 2 4 4 4 4 4 2 2 4 3 3 3 3 3 3 2 1 3 3 3 1 2 1 3 1 4 3 4 1 2 1 3 3 3 4 4 4 3 1 2 3 3 3 3 3 3 2 2 1 3 3 3 1 2 2 2 1 3 4 3 3 3 3 4 1 4 3 3 4 3 2 3 3 0 1 0 1 2 1 2 2 0 1 0 1 2 2 2 1 4 4 4 1 2 4 4 4 4 1 4 1 2 2 2 2 0 1 0 1 2 1 2 1 0 1 0 1 2 1 2 1 4 4 4 1 4 1 2 4 4 1 4 4 2 4 4 1 3 3 3 1 2 1 2 1 3 3 3 3 3 1 2 2 3 4 3 3 3 3 4 4 3 1 3 1 2 2 4 1 3 3 3 3 3 1 2 2 3 3 3 3 3 3 3 1 3 3 4 4 2 3 4 2 4 1 3 3 2 1 3 1 0 1 0 1 2 1 2 2 0 1 0 1 2 2 2 1 4 4 4 1 4 2 4 1 4 1 4 4 4 2 4 4 0 1 0 1 2 2 2 2 0 1 0 1 2 1 2 1 4 1 4 1 4 4 2 1 4 4 4 4 2 1 2 2 3 3 3 1 2 3 2 2 3 3 3 3 2 2 3 2 4 3 4 3 4 1 3 2 4 4 4 1 4 1 4 1 3 1 3 1 3 1 2 2 3 1 3 1 2 1 2 3 4 4 3 3 2 1 3 1 3 3 4 3 4 1 4 1 0 1 0 1 2 1 2 1 0 1 0 1 2 2 2 2 4 4 4 4 4 1 4 1 4 1 4 4 2 4 4 4 0 1 0 1 2 2 2 1 0 1 0 1 2 2 2 2 4 4 4 4 2 2 2 4 4 4 4 1 4 4 2 2 3 3 3 1 2 3 3 3 3 1 3 3 3 2 2 3 4 4 4 1 3 4 4 1 3 1 3 1 3 2 4 2 3 1 3 1 2 2 2 3 3 1 3 3 2 2 3 2 3 3 3 1 2 3 3 3 4 4 4 4 4 2 3 1 0 1 0 1 2 1 2 1 0 1 0 1 2 2 2 2 4 1 4 4 2 1 4 1 4 4 4 4 4 4 4 2 0 1 0 1 2 2 2 1 0 1 0 1 2 1 2 2 4 4 4 1 4 1 4 4 4 1 4 1 2 1 4 2 3 3 3 1 2 2 3 3 3 1 3 1 2 3 3 3 4 1 4 4 2 3 4 1 4 4 4 1 3 4 3 4 3 3 3 3 2 3 3 1 3 1 3 3 3 1 3 3 4 4 3 4 4 1 4 4 4 4 4 3 4 3 4 4 0 1 0 1 2 2 2 1 0 1 0 1 2 2 2 1 4 4 4 1 2 2 2 1 4 4 4 4 4 4 4 4 0 1 0 1 2 1 2 1 0 1 0 1 2 2 2 1 4 4 4 1 2 1 2 4 4 1 4 1 2 1 2 1 3 3 3 3 3 3 3 2 3 3 3 1 2 3 2 1 4 1 3 3 3 2 4 4 3 4 3 4 2 2 4 4 3 1 3 1 2 2 3 1 3 3 3 1 2 3 3 1 4 3 3 1 3 1 2 2 4 3 4 1 4 2 2 4 0 1 0 1 2 2 2 2 0 1 0 1 2 1 2 2 4 1 4 1 2 1 4 1 4 1 4 4 4 4 2 4 0 1 0 1 2 2 2 1 0 1 0 1 2 1 2 1 4 4 4 1 4 4 2 2 4 4 4 1 2 4 4 2 3 3 3 1 2 2 2 2 3 3 3 1 3 2 2 1 3 1 4 1 3 1 3 1 4 3 4 4 4 3 3 2 3 1 3 3 2 2 2 2 3 3 3 1 3 1 3 1 4 4 4 1 2 1 3 1 3 1 4 4 3 2 2 1 0 1 0 1 2 1 2 2 0 1 0 1 2 1 2 1 4 1 4 4 2 1 2 2 4 1 4 1 4 4 4 1 0 1 0 1 2 1 2 2 0 1 0 1 2 2 2 2 4 4 4 1 4 2 4 1 4 1 4 1 2 1 2 2 3 3 3 1 2 1 3 1 3 3 3 3 3 2 3 2 3 4 3 1 2 1 2 4 4 4 4 3 3 3 2 2 3 3 3 3 3 1 2 3 3 3 3 3 3 3 3 1 3 1 4 4 4 4 4 2 4 4 4 3 3 2 3 4 0 1 0 1 2 2 2 2 0 1 0 1 2 1 2 1 4 4 4 1 2 2 2 1 4 1 4 1 2 1 2 2 0 1 0 1 2 1 2 2 0 1 0 1 2 1 2 2 4 4 4 4 4 4 2 1 4 1 4 1 2 2 2 1 3 1 3 3 3 1 3 3 3 1 3 1 2 3 3 3 4 4 4 4 2 1 3 3 4 1 3 4 2 1 3 4 3 3 3 1 2 1 3 1 3 1 3 1 3 2 3 2 4 1 3 1 2 1 4 2 4 3 3 4 4 4 4 3 0 1 0 1 2 1 2 1 0 1 0 1 2 2 2 1 4 4 4 1 4 1 2 1 4 1 4 1 4 1 2 1 0 1 0 1 2 2 2 2 0 1 0 1 2 1 2 1 4 4 4 4 2 2 4 4 4 4 4 4 4 2 2 4 3 1 3 1 2 2 3 2 3 1 3 1 3 1 3 1 3 4 3 3 2 1 4 2 4 4 4 4 2 4 4 4 3 1 3 1 2 2 2 1 3 1 3 1 2 1 2 2 3 1 4 3 4 4 3 4 4 1 4 4 2 4 2 2 0 1 0 1 2 2 2 1 0 1 0 1 2 1 2 1 4 1 4 1 2 2 4 4 4 1 4 1 2 1 4 1 0 1 0 1 2 1 2 2 0 1 0 1 2 2 2 2 4 1 4 4 4 1 2 4 4 4 4 4 4 4 2 1 3 3 3 3 2 3 3 3 3 1 3 1 3 3 3 2 3 3 3 1 4 2 4 2 4 3 4 1 3 1 2 4 3 1 3 1 3 3 2 3 3 3 3 3 2 3 3 2 3 4 4 4 4 4 3 3 4 4 4 3 4 4 2 2 0 1 0 1 2 1 2 1 0 1 0 1 2 1 2 2 4 1 4 1 2 2 4 1 4 4 4 4 2 1 2 2 0 1 0 1 2 2 2 2 0 1 0 1 2 2 2 1 4 1 4 4 4 2 4 1 4 4 4 4 2 4 2 4 3 1 3 3 3 2 3 3 3 1 3 1 2 2 3 3 4 4 4 4 3 1 3 2 3 4 4 1 2 4 2 1 3 3 3 3 3 2 3 1 3 1 3 3 2 1 2 1 4 1 4 4 3 3 4 1 3 1 3 3 4 2 2 3 0 1 0 1 2 1 2 2 0 1 0 1 2 1 2 2 4 4 4 1 2 1 2 4 4 1 4 1 4 4 2 2 0 1 0 1 2 2 2 2 0 1 0 1 2 2 2 1 4 4 4 4 2 1 4 4 4 1 4 1 2 4 2 1 3 3 3 3 2 1 2 2 3 3 3 1 2 2 2 2 3 4 3 4 3 1 4 2 4 1 3 4 4 1 2 2 3 1 3 3 3 3 2 2 3 1 3 3 2 1 2 1 4 1 4 3 2 1 4 1 4 1 3 3 2 3 3 3 0 1 0 1 2 2 2 1 0 1 0 1 2 1 2 2 4 4 4 4 4 1 4 1 4 1 4 4 4 1 4 2 0 1 0 1 2 2 2 2 0 1 0 1 2 1 2 2 4 4 4 1 2 4 4 1 4 4 4 4 4 2 2 1 3 3 3 1 3 3 3 3 3 3 3 1 3 3 3 3 3 4 4 1 4 4 2 4 3 3 3 1 4 4 4 4 3 3 3 3 2 1 3 2 3 1 3 1 2 2 2 2 4 1 4 3 2 2 2 4 3 1 4 1 3 3 4 4 0 1 0 1 2 1 2 2 0 1 0 1 2 1 2 2 4 4 4 1 2 4 2 4 4 4 4 1 2 1 2 2 0 1 0 1 2 2 2 2 0 1 0 1 2 2 2 2 4 4 4 4 2 2 2 1 4 1 4 4 4 4 4 1 3 3 3 3 3 3 2 3 3 1 3 3 3 3 3 1 3 3 4 4 4 4 2 1 4 1 3 3 2 3 3 1 3 3 3 1 2 2 2 3 3 1 3 3 2 1 2 2 4 3 4 4 4 4 2 4 4 4 3 1 4 2 3 4 0 1 0 1 2 1 2 1 0 1 0 1 2 2 2 1 4 1 4 4 2 4 4 1 4 1 4 1 4 2 2 2 0 1 0 1 2 1 2 1 0 1 0 1 2 2 2 2 4 1 4 4 2 4 2 2 4 4 4 4 2 2 2 1 3 1 3 1 3 3 3 2 3 1 3 3 3 3 2 1 3 4 4 3 4 4 4 3 3 4 3 3 3 2 2 3 3 1 3 1 2 1 3 1 3 3 3 1 2 1 3 1 3 3 4 4 4 4 3 1 3 4 4 1 3 4 4 1 0 1 0 1 2 1 2 1 0 1 0 1 2 1 2 1 4 4 4 4 2 4 2 4 4 4 4 1 4 4 4 4 0 1 0 1 2 2 2 1 0 1 0 1 2 1 2 2 4 1 4 4 2 4 2 2 4 1 4 1 2 4 2 2 3 3 3 1 2 1 3 3 3 3 3 3 3 3 2 1 4 4 3 1 4 3 3 3 4 4 3 4 2 3 3 3 3 3 3 1 2 3 3 3 3 3 3 3 3 3 2 3 3 1 4 1 2 3 3 3 4 3 3 1 3 1 3 3 0 1 0 1 2 1 2 2 0 1 0 1 2 1 2 2 4 1 4 1 4 2 4 1 4 1 4 4 4 2 2 4 0 1 0 1 2 2 2 1 0 1 0 1 2 2 2 2 4 4 4 4 4 4 2 2 4 4 4 1 4 1 2 4 3 1 3 1 3 3 3 2 3 1 3 1 2 2 3 3 3 1 3 4 2 3 2 1 4 3 3 1 2 3 2 2 3 3 3 1 2 2 3 2 3 3 3 3 3 2 3 1 3 1 3 1 3 1 2 4 4 1 4 3 4 2 2 2 0 1 0 1 2 2 2 2 0 1 0 1 2 1 2 2 4 4 4 1 2 4 4 2 4 1 4 4 4 2 2 2 0 1 0 1 2 1 2 2 0 1 0 1 2 1 2 1 4 4 4 1 2 4 2 2 4 4 4 1 2 1 4 2 3 3 3 1 2 3 2 2 3 1 3 1 2 2 2 1 3 3 4 1 4 3 3 3 4 3 4 3 3 2 4 3 3 3 3 3 2 1 3 3 3 3 3 1 3 2 2 1 3 3 3 1 2 3 2 4 4 1 4 1 2 1 2 3 0 1 0 1 2 2 2 2 0 1 0 1 2 2 2 2 4 1 4 1 4 2 4 2 4 1 4 1 2 4 2 1 0 1 0 1 2 1 2 2 0 1 0 1 2 1 2 2 4 4 4 1 4 2 2 4 4 1 4 1 2 2 2 2 3 1 3 3 3 2 3 3 3 1 3 3 2 3 2 1 4 3 3 4 4 1 4 3 4 4 3 3 2 1 4 2 3 3 3 1 2 2 3 1 3 1 3 3 3 1 3 1 3 4 4 3 2 1 2 1 4 1 4 1 4 2 4 1 0 1 0 1 2 1 2 2 0 1 0 1 2 2 2 2 4 4 4 1 2 2 4 1 4 4 4 4 4 4 2 4 0 1 0 1 2 2 2 1 0 1 0 1 2 1 2 2 4 1 4 1 4 4 2 1 4 4 4 1 4 1 4 2 3 1 3 3 3 1 2 1 3 3 3 1 3 3 2 3 3 1 3 3 2 4 3 4 3 4 4 1 4 1 2 4 3 3 3 3 3 3 2 2 3 1 3 1 2 2 3 1 4 1 4 4 4 3 3 4 3 1 4 4 2 3 4 2 0 1 0 1 2 2 2 2 0 1 0 1 2 2 2 2 4 1 4 4 4 4 2 4 4 4 4 1 2 4 4 4 0 1 0 1 2 1 2 1 0 1 0 1 2 1 2 1 4 1 4 1 2 4 2 1 4 1 4 4 4 1 4 2 3 1 3 1 2 2 2 3 3 3 3 1 2 1 2 2 3 1 4 4 2 1 4 1 4 3 3 1 4 2 4 2 3 1 3 1 3 1 2 3 3 3 3 3 2 3 2 3 3 3 4 1 4 2 2 4 4 1 3 4 2 1 3 2 0 1 0 1 2 2 2 2 0 1 0 1 2 2 2 2 4 1 4 1 2 4 4 2 4 4 4 1 4 2 4 1 0 1 0 1 2 2 2 2 0 1 0 1 2 2 2 2 4 4 4 4 4 4 2 1 4 4 4 4 2 2 4 1 3 3 3 1 3 1 3 1 3 3 3 1 2 1 2 2 4 1 4 4 4 4 3 4 3 4 3 4 2 3 3 4 3 3 3 3 3 1 2 2 3 1 3 1 3 3 3 2 3 1 4 4 2 4 3 4 4 1 3 4 4 4 2 1 0 1 0 1 2 1 2 2 0 1 0 1 2 1 2 2 4 4 4 1 2 4 2 4 4 1 4 4 4 2 2 1 0 1 0 1 2 1 2 1 0 1 0 1 2 1 2 2 4 1 4 4 4 1 4 4 4 4 4 4 4 2 2 4 3 3 3 3 3 3 3 2 3 1 3 3 2 1 2 3 3 1 3 3 4 2 2 4 4 3 4 4 3 4 4 4 3 1 3 3 3 3 2 1 3 1 3 3 2 1 2 3 3 1 4 1 3 1 3 3 4 4 3 1 3 1 2 2 0 1 0 1 2 2 2 1 0 1 0 1 2 1 2 2 4 1 4 1 2 2 4 2 4 4 4 4 2 2 4 1 0 1 0 1 2 1 2 1 0 1 0 1 2 1 2 2 4 4 4 1 4 1 2 4 4 1 4 1 4 4 4 2 3 1 3 1 2 2 3 1 3 3 3 3 3 1 3 1 3 3 4 3 2 3 3 1 3 4 4 3 2 2 4 3 3 3 3 1 3 1 2 2 3 3 3 3 3 3 2 1 4 1 3 1 2 2 4 4 3 1 4 1 4 4 4 2 0 1 0 1 2 2 2 2 0 1 0 1 2 1 2 1 4 1 4 4 4 2 4 1 4 1 4 4 2 2 2 2 0 1 0 1 2 2 2 1 0 1 0 1 2 2 2 2 4 1 4 1 4 1 4 2 4 4 4 1 4 1 4 1 3 3 3 1 3 3 3 2 3 3 3 3 2 3 3 1 3 1 4 3 4 4 2 1 3 3 4 1 2 2 2 2 3 3 3 1 3 2 2 2 3 1 3 3 3 3 3 1 3 3 4 3 3 1 2 1 4 3 4 4 2 4 3 1 0 1 0 1 2 1 2 1 0 1 0 1 2 1 2 1 4 1 4 4 2 2 4 2 4 1 4 1 2 2 4 4 0 1 0 1 2 2 2 2 0 1 0 1 2 1 2 2 4 4 4 4 2 2 2 1 4 4 4 4 2 4 4 4 3 1 3 1 3 1 2 1 3 1 3 3 2 2 2 2 3 4 4 3 2 1 3 3 4 3 4 4 3 1 2 4 3 3 3 3 3 3 2 1 3 1 3 3 2 3 2 2 4 3 3 3 3 1 2 3 3 3 3 4 3 3 3 2 0 1 0 1 2 2 2 1 0 1 0 1 2 2 2 1 4 4 4 1 2 1 2 4 4 1 4 4 4 4 4 2 0 1 0 1 2 1 2 2 0 1 0 1 2 1 2 1 4 1 4 1 4 4 2 1 4 1 4 4 4 2 2 4 3 3 3 3 2 1 3 1 3 1 3 1 3 2 2 1 4 1 3 4 3 3 2 3 3 4 4 4 2 1 4 3 3 1 3 3 2 3 3 2 3 1 3 1 2 2 3 1 3 4 3 4 3 1 3 4 4 1 3 3 2 2 4 4 0 1 0 1 2 2 2 2 0 1 0 1 2 1 2 2 4 4 4 4 4 1 4 2 4 4 4 4 2 4 4 1 0 1 0 1 2 1 2 1 0 1 0 1 2 1 2 1 4 1 4 1 2 4 4 4 4 4 4 1 2 2 4 4 3 1 3 3 2 1 3 1 3 3 3 3 2 3 3 3 3 3 3 1 4 1 2 1 3 3 4 4 4 2 3 2 3 1 3 1 3 1 3 1 3 3 3 3 2 1 3 1 4 4 4 3 2 2 4 4 3 3 4 1 3 4 2 4 0 1 0 1 2 1 2 2 0 1 0 1 2 2 2 2 4 1 4 4 4 2 4 1 4 4 4 1 2 4 2 1 0 1 0 1 2 2 2 2 0 1 0 1 2 1 2 2 4 4 4 4 2 4 2 4 4 4 4 4 4 2 4 2 3 3 3 1 2 3 3 2 3 1 3 3 2 3 2 3 3 4 3 1 2 2 2 3 3 3 4 3 3 3 4 3 3 1 3 1 3 2 3 2 3 3 3 1 3 3 3 3 3 1 4 4 2 1 2 2 4 1 3 4 4 4 3 4 0 1 0 1 2 1 2 1 0 1 0 1 2 2 2 1 4 4 4 4 2 4 4 2 4 1 4 4 2 2 2 2 0 1 0 1 2 2 2 2 0 1 0 1 2 2 2 2 4 1 4 1 2 1 4 2 4 1 4 4 2 1 4 2 3 3 3 3 2 1 2 2 3 3 3 3 2 2 2 2 3 4 4 1 4 2 3 3 3 4 3 1 3 1 3 3 3 1 3 3 3 2 3 2 3 1 3 3 3 2 2 1 4 1 4 3 3 3 4 3 3 4 3 1 4 1 3 1 0 1 0 1 2 1 2 2 0 1 0 1 2 1 2 1 4 1 4 1 2 2 2 1 4 1 4 4 2 2 2 4 0 1 0 1 2 1 2 1 0 1 0 1 2 2 2 1 4 4 4 4 4 1 4 4 4 1 4 4 2 2 2 2 3 3 3 1 2 1 2 1 3 3 3 1 2 3 3 1 4 4 4 3 4 3 4 1 3 1 3 3 4 4 4 1 3 3 3 3 2 1 3 2 3 1 3 1 3 2 3 3 4 3 4 1 4 1 4 1 4 1 3 1 4 2 3 2 0 1 0 1 2 2 2 1 0 1 0 1 2 2 2 2 4 4 4 1 2 2 2 1 4 4 4 4 4 2 4 2 0 1 0 1 2 2 2 1 0 1 0 1 2 1 2 2 4 4 4 4 4 2 4 4 4 1 4 4 4 2 2 2 3 3 3 1 2 3 3 1 3 3 3 1 3 1 3 2 3 1 4 4 4 2 4 4 3 3 3 3 4 2 4 2 3 3 3 3 2 1 3 3 3 3 3 1 3 2 3 1 4 3 4 3 2 3 2 1 3 1 4 3 2 3 3 2 0 1 0 1 2 2 2 2 0 1 0 1 2 2 2 1 4 4 4 1 2 4 4 2 4 4 4 4 2 2 2 1 0 1 0 1 2 2 2 1 0 1 0 1 2 2 2 2 4 4 4 1 4 4 2 1 4 1 4 1 4 1 4 1 3 3 3 3 2 1 2 2 3 1 3 1 3 1 3 3 4 1 3 3 2 4 2 4 4 1 4 4 4 4 3 3 3 3 3 3 3 3 2 3 3 3 3 3 2 1 3 1 4 3 3 4 4 3 3 1 4 3 3 3 3 2 4 3 0 1 0 1 2 1 2 1 0 1 0 1 2 1 2 1 4 4 4 1 2 2 4 1 4 1 4 4 4 1 2 1 0 1 0 1 2 2 2 1 0 1 0 1 2 1 2 2 4 1 4 1 2 2 2 2 4 4 4 1 4 4 4 2 3 3 3 1 2 3 3 1 3 1 3 3 2 1 2 1 3 1 4 4 4 4 3 4 3 3 4 4 4 1 3 2 3 1 3 3 3 1 3 2 3 1 3 1 3 2 2 1 3 4 4 4 2 1 3 3 4 1 3 3 3 4 2 3 0 1 0 1 2 2 2 1 0 1 0 1 2 2 2 1 4 1 4 4 4 2 4 4 4 1 4 1 2 2 4 4 0 1 0 1 2 1 2 2 0 1 0 1 2 2 2 1 4 4 4 1 2 1 2 1 4 4 4 1 4 4 2 2 3 1 3 1 2 2 3 1 3 3 3 3 2 3 3 2 4 1 3 1 4 3 2 3 4 1 4 4 3 4 2 3 3 1 3 3 2 1 2 2 3 1 3 1 3 1 2 2 3 3 4 3 3 2 3 1 3 4 4 1 2 2 4 4 0 1 0 1 2 1 2 1 0 1 0 1 2 2 2 2 4 1 4 1 4 4 2 4 4 1 4 4 4 1 2 1 0 1 0 1 2 2 2 2 0 1 0 1 2 2 2 2 4 1 4 1 2 2 2 4 4 4 4 4 4 2 4 2 3 3 3 1 2 2 2 3 3 3 3 3 3 3 2 3 3 1 3 4 4 4 4 2 3 4 3 4 3 1 2 2 3 1 3 1 2 2 2 2 3 3 3 1 2 1 3 1 4 3 3 3 4 4 3 1 3 3 4 3 4 1 4 4 0 1 0 1 2 2 2 1 0 1 0 1 2 1 2 1 4 1 4 1 4 1 4 1 4 4 4 4 2 2 2 2 0 1 0 1 2 2 2 1 0 1 0 1 2 1 2 1 4 4 4 4 4 4 4 2 4 1 4 4 4 2 2 1 3 3 3 3 2 3 2 3 3 3 3 1 2 1 2 1 4 4 4 4 2 3 2 1 4 1 3 4 2 4 3 3 3 3 3 3 3 1 2 3 3 3 3 1 2 3 3 3 3 4 3 1 4 3 3 2 4 4 4 1 4 3 4 4 0 1 0 1 2 1 2 2 0 1 0 1 2 1 2 1 4 1 4 4 2 2 4 1 4 1 4 4 4 2 2 1 0 1 0 1 2 2 2 2 0 1 0 1 2 2 2 2 4 4 4 1 2 4 4 4 4 1 4 4 4 2 4 4 3 3 3 3 2 2 2 1 3 1 3 3 3 1 2 3 4 1 3 3 2 1 4 4 3 4 3 4 2 4 4 4 3 3 3 1 3 3 3 1 3 3 3 3 2 1 2 1 4 3 3 1 2 1 3 3 3 4 3 1 3 2 2 1 0 1 0 1 2 1 2 2 0 1 0 1 2 2 2 2 4 4 4 4 4 1 4 1 4 4 4 4 4 2 4 2 0 1 0 1 2 2 2 2 0 1 0 1 2 2 2 1 4 4 4 1 2 4 2 4 4 4 4 1 4 4 4 2 3 3 3 1 2 1 3 2 3 3 3 1 2 2 2 1 3 1 4 3 3 4 2 4 3 4 4 1 4 2 4 3 3 3 3 3 3 1 2 1 3 1 3 1 2 1 2 1 4 4 3 1 4 1 3 3 3 1 4 4 4 4 4 4 0 1 0 1 2 2 2 2 0 1 0 1 2 1 2 1 4 1 4 1 2 4 2 1 4 1 4 1 2 1 2 2 0 1 0 1 2 1 2 1 0 1 0 1 2 1 2 1 4 1 4 1 2 4 2 4 4 1 4 1 2 1 4 1 3 3 3 3 2 1 3 1 3 3 3 3 3 1 3 1 3 4 3 1 4 3 2 4 3 1 4 1 4 2 2 1 3 1 3 1 3 2 2 3 3 1 3 3 3 1 2 3 4 1 3 1 3 2 3 2 4 3 4 4 2 3 4 3 0 1 0 1 2 2 2 2 0 1 0 1 2 2 2 2 4 1 4 4 4 1 4 4 4 1 4 4 4 1 4 2 0 1 0 1 2 2 2 1 0 1 0 1 2 2 2 2 4 1 4 4 2 2 2 1 4 1 4 1 2 1 4 4 3 1 3 1 3 3 2 1 3 3 3 1 2 3 2 3 3 3 4 1 2 2 3 2 3 3 3 4 2 3 2 4 3 1 3 3 3 1 3 3 3 1 3 1 2 3 3 3 4 3 3 3 3 4 4 4 4 4 3 3 4 3 4 1 0 1 0 1 2 2 2 1 0 1 0 1 2 1 2 2 4 1 4 4 2 4 2 1 4 1 4 1 4 2 2 1 0 1 0 1 2 2 2 2 0 1 0 1 2 2 2 1 4 1 4 4 2 2 4 4 4 4 4 4 4 4 4 4 3 3 3 1 3 1 3 2 3 3 3 3 2 1 3 2 3 1 4 4 3 3 2 4 4 4 3 4 2 1 2 2 3 1 3 3 2 3 2 3 3 1 3 1 3 1 2 3 3 3 4 1 3 4 2 3 3 4 4 4 4 1 3 4 0 1 0 1 2 1 2 1 0 1 0 1 2 2 2 1 4 1 4 4 2 4 2 2 4 4 4 1 4 1 4 2 0 1 0 1 2 1 2 1 0 1 0 1 2 2 2 2 4 4 4 1 4 1 2 4 4 1 4 4 4 2 4 1 3 1 3 3 3 1 3 3 3 1 3 3 3 1 2 3 4 4 4 4 3 4 4 4 4 3 3 4 3 2 4 4 3 1 3 3 2 3 3 1 3 3 3 1 2 3 2 2 3 4 3 3 2 2 2 4 4 3 3 1 4 1 3 4 0 1 0 1 2 2 2 1 0 1 0 1 2 1 2 2 4 4 4 4 4 1 4 4 4 4 4 1 2 1 2 1 0 1 0 1 2 1 2 1 0 1 0 1 2 1 2 2 4 1 4 4 4 4 2 4 4 4 4 4 2 4 2 2 3 1 3 3 2 2 3 1 3 3 3 3 3 1 2 1 4 3 4 1 3 2 2 3 4 4 3 4 2 2 2 3 3 1 3 3 3 3 3 3 3 1 3 1 2 2 2 2 3 3 4 4 2 4 4 4 3 1 3 3 3 3 2 2 0 1 0 1 2 1 2 2 0 1 0 1 2 2 2 1 4 4 4 4 2 4 2 4 4 4 4 4 2 4 4 1 0 1 0 1 2 1 2 2 0 1 0 1 2 1 2 1 4 1 4 1 2 1 4 4 4 1 4 1 4 2 4 4 3 3 3 3 2 1 3 2 3 1 3 1 2 3 3 2 4 4 4 1 4 3 3 2 3 1 3 4 3 3 4 1 3 1 3 1 3 1 3 1 3 1 3 3 2 3 3 2 3 4 3 1 3 4 4 1 4 3 3 4 4 3 3 1 0 1 0 1 2 2 2 1 0 1 0 1 2 1 2 2 4 1 4 1 4 1 4 1 4 4 4 1 4 1 4 2 0 1 0 1 2 1 2 2 0 1 0 1 2 1 2 1 4 4 4 1 4 1 2 2 4 1 4 1 4 4 2 2 3 3 3 3 2 2 3 3 3 3 3 1 3 3 3 3 4 1 3 3 2 1 4 1 4 4 4 3 2 2 3 3 3 1 3 1 2 3 2 2 3 3 3 3 2 3 3 1 3 1 4 4 4 4 4 1 3 4 4 1 3 1 2 3 0 1 0 1 2 1 2 2 0 1 0 1 2 1 2 2 4 1 4 1 2 1 4 2 4 1 4 1 4 2 4 1 0 1 0 1 2 2 2 2 0 1 0 1 2 1 2 2 4 4 4 1 4 2 2 4 4 1 4 4 2 2 2 1 3 3 3 3 3 1 3 2 3 1 3 1 3 1 3 2 4 3 4 1 2 1 3 3 4 3 3 4 2 3 4 3 3 1 3 3 3 2 3 3 3 3 3 3 2 1 3 1 4 1 3 3 3 3 3 1 4 1 3 3 3 3 4 2 0 1 0 1 2 1 2 2 0 1 0 1 2 2 2 2 4 4 4 4 4 1 4 4 4 1 4 1 2 2 2 1 0 1 0 1 2 2 2 1 0 1 0 1 2 2 2 2 4 4 4 4 4 2 4 2 4 1 4 4 2 2 4 2 3 3 3 3 2 3 3 1 3 3 3 3 2 1 2 3 3 1 4 1 3 3 3 4 3 1 3 1 3 2 3 2 3 1 3 3 3 3 2 3 3 3 3 3 3 1 3 1 3 1 3 1 4 3 2 3 3 3 4 3 4 3 3 3 0 1 0 1 2 1 2 1 0 1 0 1 2 2 2 1 4 4 4 4 2 4 2 1 4 1 4 1 2 1 4 4 0 1 0 1 2 1 2 2 0 1 0 1 2 2 2 2 4 4 4 1 2 4 4 2 4 4 4 1 2 2 4 4 3 1 3 3 2 1 3 2 3 1 3 3 3 1 3 3 3 4 4 4 2 3 4 3 4 1 3 4 4 4 2 4 3 3 3 3 3 1 3 3 3 1 3 3 3 2 3 3 4 3 4 1 3 4 2 1 3 1 3 1 3 3 2 1 0 1 0 1 2 2 2 2 0 1 0 1 2 1 2 1 4 1 4 4 4 1 4 2 4 1 4 1 2 1 4 4 0 1 0 1 2 2 2 2 0 1 0 1 2 1 2 2 4 4 4 4 2 4 2 2 4 4 4 4 4 1 4 2 3 3 3 1 2 3 3 2 3 1 3 1 2 2 3 2 3 4 4 4 4 3 2 4 4 3 3 3 2 2 2 3 3 3 3 1 2 3 2 2 3 1 3 3 2 3 2 3 3 1 3 1 2 4 4 1 4 3 4 1 2 1 4 3 0 1 0 1 2 1 2 2 0 1 0 1 2 2 2 1 4 1 4 4 4 1 4 1 4 4 4 4 4 4 2 1 0 1 0 1 2 1 2 1 0 1 0 1 2 1 2 1 4 4 4 4 4 2 2 2 4 4 4 4 2 1 2 2 3 3 3 3 2 2 2 2 3 3 3 1 3 1 2 1 4 3 3 4 2 2 2 3 4 3 4 4 2 3 3 1 3 3 3 1 3 3 3 2 3 1 3 3 3 1 2 1 4 1 3 1 4 1 2 3 4 4 4 4 3 2 3 1 0 1 0 1 2 1 2 2 0 1 0 1 2 2 2 1 4 1 4 1 4 1 2 2 4 4 4 4 2 4 2 1 0 1 0 1 2 2 2 1 0 1 0 1 2 1 2 2 4 1 4 4 2 4 4 2 4 4 4 1 2 4 2 4 3 1 3 3 2 1 2 2 3 3 3 1 3 1 3 3 3 4 3 4 4 4 2 2 3 4 4 3 4 1 2 2 3 3 3 1 2 3 2 3 3 1 3 3 3 3 2 2 4 4 3 3 3 2 4 2 3 1 3 4 2 3 3 2 0 1 0 1 2 2 2 1 0 1 0 1 2 1 2 2 4 4 4 1 4 2 4 1 4 1 4 4 2 4 2 1 0 1 0 1 2 2 2 2 0 1 0 1 2 1 2 1 4 1 4 4 2 1 4 1 4 4 4 1 4 2 4 1 3 1 3 1 3 3 3 2 3 3 3 3 2 3 3 2 4 4 4 3 4 3 2 1 4 3 4 4 3 3 2 4 3 3 3 3 2 3 3 2 3 1 3 3 2 1 2 3 4 3 3 3 3 2 3 4 4 4 4 3 3 2 4 3 0 1 0 1 2 1 2 1 0 1 0 1 2 1 2 2 4 1 4 4 4 1 4 1 4 4 4 4 4 4 2 4 0 1 0 1 2 2 2 1 0 1 0 1 2 1 2 1 4 4 4 4 4 1 2 4 4 4 4 4 2 2 2 1 3 1 3 3 3 2 2 1 3 3 3 1 3 1 2 2 3 4 4 1 3 4 4 3 3 4 4 4 3 3 4 1 3 3 3 1 2 2 3 2 3 1 3 1 2 2 3 1 4 1 3 3 4 1 2 4 3 1 3 4 4 4 3 4 0 1 0 1 2 2 2 1 0 1 0 1 2 2 2 1 4 1 4 4 2 1 4 2 4 1 4 1 2 4 2 4 0 1 0 1 2 1 2 2 0 1 0 1 2 1 2 2 4 4 4 1 4 4 4 1 4 1 4 4 2 1 4 2 3 1 3 3 3 3 3 1 3 1 3 1 2 1 3 2 3 4 4 4 4 3 3 2 3 4 4 3 4 4 4 4 3 3 3 3 3 2 2 3 3 3 3 3 3 1 3 1 3 4 4 4 2 2 2 3 3 1 3 4 4 2 3 2 0 1 0 1 2 1 2 2 0 1 0 1 2 1 2 2 4 4 4 4 4 1 4 1 4 1 4 1 4 4 4 1 0 1 0 1 2 1 2 2 0 1 0 1 2 2 2 1 4 1 4 4 4 2 2 2 4 4 4 1 4 4 2 2 3 1 3 1 3 1 2 1 3 1 3 3 3 3 3 1 4 3 4 1 4 4 4 2 3 4 3 3 4 3 4 4 3 1 3 1 2 3 3 2 3 1 3 3 2 3 2 3 3 1 3 4 4 3 3 3 4 4 3 1 2 1 4 3 0 1 0 1 2 1 2 2 0 1 0 1 2 2 2 2 4 1 4 4 4 2 4 1 4 1 4 4 2 4 2 1 0 1 0 1 2 1 2 1 0 1 0 1 2 2 2 1 4 1 4 1 4 2 2 4 4 4 4 4 2 4 2 1 3 1 3 3 3 1 2 1 3 1 3 3 2 2 2 1 3 3 3 3 4 3 4 4 4 1 3 1 2 3 3 3 3 3 3 3 3 1 3 2 3 1 3 3 3 1 2 2 4 1 3 3 4 3 4 1 3 1 3 4 2 4 3 1 0 1 0 1 2 1 2 2 0 1 0 1 2 1 2 1 4 1 4 4 4 2 2 2 4 4 4 1 2 1 2 1 0 1 0 1 2 1 2 2 0 1 0 1 2 1 2 2 4 4 4 4 2 2 2 4 4 1 4 1 4 4 2 4 3 3 3 3 3 1 3 3 3 1 3 3 3 3 2 3 4 4 4 1 2 4 3 1 4 1 4 3 2 1 3 3 3 3 3 1 3 1 2 3 3 3 3 3 2 3 3 2 4 1 4 3 4 2 4 4 4 4 4 1 4 4 2 3 0 1 0 1 2 2 2 1 0 1 0 1 2 1 2 2 4 1 4 1 2 1 4 1 4 4 4 4 2 2 2 1 0 1 0 1 2 2 2 1 0 1 0 1 2 1 2 2 4 1 4 1 2 1 2 2 4 4 4 4 2 2 2 4 3 1 3 3 2 3 2 3 3 1 3 3 2 2 3 1 4 4 3 4 4 2 2 4 4 1 3 1 3 2 2 1 3 3 3 1 3 3 3 3 3 1 3 3 2 2 2 3 3 4 3 4 3 4 2 3 3 4 4 1 3 4 3 2 0 1 0 1 2 1 2 1 0 1 0 1 2 2 2 2 4 1 4 4 4 1 2 2 4 1 4 1 2 2 2 2 0 1 0 1 2 1 2 2 0 1 0 1 2 1 2 2 4 4 4 4 4 2 2 4 4 1 4 4 4 1 4 4 3 3 3 1 3 3 2 2 3 3 3 1 3 2 3 2 4 3 3 4 2 3 2 1 4 3 3 1 2 4 2 1 3 1 3 3 2 2 3 2 3 1 3 1 2 2 2 3 4 4 4 1 4 1 2 3 4 1 4 3 3 1 3 4 0 1 0 1 2 1 2 2 0 1 0 1 2 1 2 2 4 1 4 4 2 2 2 2 4 4 4 1 4 2 2 2 0 1 0 1 2 2 2 1 0 1 0 1 2 2 2 1 4 1 4 1 2 4 2 2 4 1 4 1 4 4 4 1 3 3 3 3 3 1 2 2 3 3 3 1 2 1 2 2 3 4 4 4 4 1 2 1 4 1 3 1 2 1 3 2 3 3 3 1 3 2 3 1 3 3 3 1 2 2 2 1 4 4 4 3 3 3 3 2 3 4 3 1 3 2 3 2 0 1 0 1 2 2 2 2 0 1 0 1 2 1 2 1 4 1 4 1 2 4 4 4 4 4 4 1 4 1 2 2 0 1 0 1 2 2 2 2 0 1 0 1 2 1 2 1 4 4 4 1 4 2 4 1 4 1 4 4 4 1 4 4 3 3 3 3 2 3 2 1 3 1 3 3 3 3 3 1 3 4 4 4 2 3 4 4 3 4 3 1 2 2 3 2 3 3 3 1 3 1 3 1 3 1 3 3 2 3 2 2 4 1 4 4 2 3 4 2 4 1 4 4 2 1 3 4 0 1 0 1 2 1 2 1 0 1 0 1 2 1 2 1 4 1 4 1 4 4 4 2 4 1 4 1 4 4 4 2 0 1 0 1 2 1 2 2 0 1 0 1 2 1 2 1 4 4 4 1 4 4 2 4 4 4 4 4 2 1 4 2 3 1 3 3 3 2 2 1 3 3 3 3 3 1 3 2 4 4 4 4 4 2 2 2 4 3 4 4 4 2 2 1 3 3 3 3 2 1 3 3 3 1 3 1 3 1 2 1 3 4 4 4 4 4 4 1 4 3 4 3 3 4 4 4 0 1 0 1 2 2 2 2 0 1 0 1 2 2 2 1 4 4 4 4 2 1 2 2 4 4 4 4 4 1 4 1 0 1 0 1 2 1 2 1 0 1 0 1 2 2 2 1 4 1 4 1 2 1 4 4 4 4 4 1 4 2 4 4 3 1 3 3 3 2 3 3 3 3 3 3 2 3 3 2 3 4 4 4 4 3 4 1 4 3 3 1 4 1 2 1 3 3 3 1 2 3 2 1 3 1 3 1 2 1 2 2 3 4 4 4 2 2 3 1 4 4 3 4 4 3 3 2 0 1 0 1 2 1 2 1 0 1 0 1 2 2 2 2 4 4 4 1 4 4 2 4 4 4 4 1 4 2 2 4 0 1 0 1 2 1 2 2 0 1 0 1 2 2 2 1 4 1 4 4 4 1 4 4 4 4 4 4 4 2 2 4 3 1 3 1 2 3 2 1 3 3 3 3 2 1 2 2 3 4 4 4 3 2 4 4 4 4 4 4 2 4 4 2 3 1 3 1 2 1 2 3 3 3 3 1 2 1 3 1 3 4 3 4 4 4 3 1 4 3 4 4 3 1 3 3 0 1 0 1 2 2 2 2 0 1 0 1 2 1 2 2 4 4 4 4 2 2 4 2 4 1 4 1 4 1 2 2 0 1 0 1 2 2 2 1 0 1 0 1 2 2 2 1 4 4 4 4 2 2 2 4 4 1 4 4 2 4 4 4 3 1 3 3 2 1 2 3 3 1 3 1 3 1 2 3 4 4 4 4 3 2 4 1 3 4 3 4 2 2 2 3 3 1 3 3 2 1 2 3 3 1 3 3 3 1 2 2 3 4 3 1 2 2 4 3 3 4 4 3 3 4 4 2 0 1 0 1 2 1 2 2 0 1 0 1 2 2 2 2 4 1 4 4 4 4 4 1 4 4 4 4 2 1 4 1 0 1 0 1 2 1 2 2 0 1 0 1 2 2 2 2 4 4 4 4 4 1 2 1 4 4 4 1 2 1 4 4 3 3 3 1 2 1 2 2 3 3 3 3 2 3 2 3 3 1 3 4 4 4 4 4 3 3 4 4 3 2 4 4 3 3 3 1 3 2 2 1 3 3 3 3 3 3 3 2 3 3 3 3 2 4 4 4 3 3 4 3 3 3 2 3 0 1 0 1 2 1 2 2 0 1 0 1 2 1 2 1 4 4 4 4 2 4 2 2 4 4 4 1 2 1 2 2 0 1 0 1 2 1 2 2 0 1 0 1 2 2 2 2 4 1 4 1 4 1 4 4 4 1 4 4 4 4 4 1 3 3 3 3 3 2 3 2 3 3 3 3 2 3 3 1 4 4 4 4 3 2 4 1 3 3 3 1 2 2 2 3 3 1 3 1 3 2 3 1 3 3 3 3 2 2 3 3 4 4 4 3 2 4 3 1 3 1 3 4 4 1 4 1 0 1 0 1 2 2 2 1 0 1 0 1 2 2 2 2 4 4 4 1 2 1 4 1 4 4 4 4 2 1 2 4 0 1 0 1 2 2 2 2 0 1 0 1 2 2 2 1 4 4 4 1 2 2 2 1 4 4 4 1 2 4 2 1 3 1 3 1 3 2 2 3 3 1 3 3 3 1 3 1 3 1 3 4 3 4 2 3 3 3 4 4 3 4 4 3 3 3 3 1 2 3 3 2 3 3 3 1 3 1 2 2 4 1 3 4 3 2 3 2 4 4 3 1 3 4 2 2 0 1 0 1 2 2 2 2 0 1 0 1 2 1 2 2 4 4 4 1 4 4 2 2 4 4 4 4 2 1 2 4 0 1 0 1 2 2 2 1 0 1 0 1 2 2 2 2 4 4 4 4 2 4 2 1 4 1 4 1 4 2 4 1 3 3 3 3 3 2 2 3 3 1 3 3 3 3 3 3 4 4 3 4 4 2 2 1 3 3 4 4 2 2 4 4 3 3 3 3 2 3 2 1 3 1 3 1 2 1 2 3 3 1 3 4 4 3 3 2 3 3 3 3 4 2 3 1 0 1 0 1 2 1 2 1 0 1 0 1 2 2 2 1 4 4 4 4 4 2 2 4 4 1 4 1 4 4 4 1 0 1 0 1 2 1 2 1 0 1 0 1 2 1 2 1 4 4 4 4 2 4 2 2 4 1 4 4 2 2 4 2 3 3 3 1 2 2 2 2 3 3 3 3 3 1 2 2 4 3 3 1 4 1 4 3 4 3 4 1 2 3 3 2 3 1 3 1 3 1 2 2 3 3 3 3 2 1 3 1 4 4 4 3 4 2 4 1 3 3 3 3 4 3 4 4 0 1 0 1 2 2 2 2 0 1 0 1 2 1 2 1 4 1 4 1 4 2 2 1 4 1 4 4 4 1 2 4 0 1 0 1 2 1 2 1 0 1 0 1 2 1 2 1 4 1 4 4 2 2 4 2 4 4 4 4 2 2 2 1 3 1 3 1 3 2 3 2 3 1 3 1 3 3 2 2 4 4 3 1 4 1 4 3 4 3 4 1 2 3 2 1 3 3 3 1 2 1 2 3 3 1 3 3 2 3 3 3 4 3 3 3 3 4 3 2 3 4 3 1 2 4 2 3 0 1 0 1 2 2 2 1 0 1 0 1 2 1 2 1 4 4 4 1 4 2 4 1 4 1 4 4 4 4 4 4 0 1 0 1 2 2 2 1 0 1 0 1 2 2 2 1 4 1 4 4 4 4 4 4 4 1 4 4 2 2 2 2 3 1 3 1 2 1 3 1 3 1 3 1 3 1 2 2 4 4 4 4 4 2 2 2 3 4 4 1 2 1 4 4 3 1 3 1 3 1 2 3 3 1 3 1 2 1 3 3 4 1 3 1 3 4 3 3 4 4 3 4 4 2 3 1 0 1 0 1 2 1 2 1 0 1 0 1 2 2 2 2 4 4 4 1 2 1 2 4 4 4 4 1 2 1 4 2 0 1 0 1 2 2 2 1 0 1 0 1 2 1 2 2 4 1 4 4 4 1 4 1 4 4 4 1 2 1 4 4 3 1 3 1 3 1 2 3 3 3 3 3 3 2 3 2 3 3 3 1 2 1 4 2 3 3 3 1 2 4 2 2 3 3 3 1 2 2 3 2 3 1 3 3 3 3 3 2 3 4 3 1 2 2 2 3 4 1 4 3 3 4 3 1 
